3 0.176296875 0.149890625 0.05884374999999999 0.06073437500000001
3 0.06496874999999999 0.330515625 0.047140625000000005 0.05867187500000002
3 0.15715625 0.52809375 0.072125 0.12573437500000004
3 0.22726562499999997 0.5318125 0.06185937500000005 0.07457812500000002
3 0.37120312499999997 0.579453125 0.06584374999999998 0.07610937500000006
2 0.614734375 0.664015625 0.05681250000000002 0.038171874999999925
2 0.8487031249999999 0.6253437500000001 0.04556250000000013 0.04679687500000007
2 0.17746875 0.7659374999999999 0.05600000000000001 0.04671874999999996
2 0.1548125 0.96353125 0.048687499999999995 0.04504687499999989
2 0.182546875 0.8065468750000001 0.05571875 0.03418750000000017
2 0.305 0.6934843749999999 0.03889062499999998 0.06979687499999994
3 0.359875 0.6583593750000001 0.058375000000000024 0.06296874999999993
3 0.26515625 0.624 0.05640625000000003 0.06918749999999996
3 0.32609374999999996 0.762234375 0.07203125000000003 0.03959375000000005
3 0.34875 0.713796875 0.06110937500000002 0.04790624999999995