3 0.176296875 0.850109375 0.05884374999999999 0.06073437499999983
3 0.06496874999999999 0.669484375 0.047140625000000005 0.05867187499999993
3 0.15715625 0.47190624999999997 0.072125 0.12573437500000004
3 0.22726562499999997 0.4681875 0.06185937500000005 0.07457812500000002
3 0.37120312499999997 0.420546875 0.06584374999999998 0.07610937500000006
2 0.614734375 0.33598437499999995 0.05681250000000002 0.03817187500000001
2 0.8487031249999999 0.37465624999999997 0.04556250000000013 0.04679687499999998
2 0.17746875 0.2340625 0.05600000000000001 0.04671874999999996
2 0.1548125 0.03646875000000005 0.048687499999999995 0.045046875
2 0.182546875 0.19345312499999992 0.05571875 0.034187499999999996
2 0.305 0.306515625 0.03889062499999998 0.06979687500000002
3 0.359875 0.341640625 0.058375000000000024 0.06296875000000002
3 0.26515625 0.376 0.05640625000000003 0.06918749999999996
3 0.32609374999999996 0.23776562500000004 0.07203125000000003 0.03959374999999996
3 0.34875 0.286203125 0.06110937500000002 0.04790625000000004