3 0.727421875 0.296140625 0.12560937499999997 0.08367187500000002
2 0.9699843749999999 0.708328125 0.035812500000000115 0.03698437499999994
2 0.8990937499999999 0.706765625 0.04089062500000011 0.033859374999999935
2 0.9522031249999999 0.655625 0.028390625000000114 0.017484375000000087
2 0.71765625 0.698375 0.024843749999999963 0.04440624999999994
2 0.656734375 0.6872499999999999 0.052953124999999976 0.057296874999999935
2 0.22218749999999998 0.8108437500000001 0.05873437500000005 0.06621875000000017
2 0.11673437500000006 0.745625 0.03528124999999997 0.03734374999999997
2 0.09037500000000005 0.8442343749999999 0.04504687499999997 0.05878124999999983
2 0.07553125000000005 0.7926875 0.037234375 0.043187499999999976
2 0.07006250000000006 0.731765625 0.023171874999999998 0.03696874999999995
2 0.424328125 0.897734375 0.05993750000000002 0.04859374999999986
2 0.3270625 0.905546875 0.040390625000000034 0.04859374999999986
2 0.2423125 0.8887499999999999 0.045859375000000036 0.03843749999999986
2 0.18001562500000007 0.8973437499999999 0.04935937499999996 0.039999999999999855
2 0.397953125 0.8258749999999999 0.03532812500000002 0.03301562500000017
2 0.32414062499999996 0.8395468749999999 0.04703125000000004 0.04940624999999983
2 0.777421875 0.759484375 0.10062499999999996 0.037734374999999966
2 0.57528125 0.8186562500000001 0.046296874999999994 0.04121875000000017
2 0.561234375 0.915703125 0.09942187499999999 0.03764062499999987
2 0.646578125 0.793265625 0.05764062499999998 0.03889062499999998
2 0.8340624999999999 0.722203125 0.02954687500000013 0.03735937499999995
2 0.36378125 0.80771875 0.029468750000000023 0.02871875000000017
2 0.569234375 0.86434375 0.056062499999999994 0.024781249999999845
2 0.555953125 0.747 0.03574999999999999 0.043984374999999964
2 0.586609375 0.68275 0.025203124999999993 0.028796874999999923
2 0.740703125 0.730796875 0.04906249999999997 0.02329687499999995