2 0.13509374999999998 0.29812500000000003 0.066265625 0.09360937499999995
2 0.11907812499999999 0.14482812500000009 0.088921875 0.06501562500000002
0 0.077671875 0.212578125 0.068625 0.019359374999999977
2 0.28546875 0.44104687499999995 0.015468749999999965 0.05464062500000004
0 0.26632812499999997 0.361171875 0.031874999999999966 0.054203125
3 0.360640625 0.5041249999999999 0.13381249999999997 0.15270312500000002
3 0.54325 0.639234375 0.09042187500000001 0.09496874999999996
3 0.662578125 0.536140625 0.10171875000000004 0.11053125000000001
3 0.5416875 0.30007812500000003 0.12165625000000002 0.15687499999999996
3 0.487203125 0.08860937500000006 0.055656250000000004 0.09934374999999998
3 0.39209375 0.12746875000000008 0.09590625 0.111484375
3 0.4165 0.588671875 0.140828125 0.196875
3 0.540328125 0.747796875 0.09940625 0.07785937500000006
2 0.68953125 0.742328125 0.08531250000000004 0.1200312499999999
2 0.57684375 0.03646875000000005 0.06696875000000002 0.06690624999999999
3 0.4125 0.03046875 0.146875 0.0609375
3 0.511234375 0.45295312499999996 0.07635937500000001 0.13468750000000007
3 0.6825 0.38150000000000006 0.10250000000000004 0.12295312499999991
2 0.59246875 0.8141718749999999 0.05134375000000002 0.07007812499999985
3 0.650875 0.8116406250000001 0.09357812499999998 0.08687499999999986
0 0.574703125 0.44240625 0.04314062500000002 0.07923437500000005
0 0.68153125 0.6175625 0.048203125000000034 0.07035937499999996
3 0.4743125 0.18935937500000008 0.053312500000000006 0.08534375000000001