2 0.41723437499999994 0.3689027777777778 0.06736718750000001 0.04911111111111113
2 0.26525781249999997 0.44027777777777777 0.03528906249999997 0.03327777777777783
2 0.497 0.364375 0.0765625 0.04861111111111111
2 0.5051249999999999 0.40702777777777777 0.05923437499999995 0.0382222222222222
1 0.470640625 0.4021111111111111 0.038460937500000014 0.04212500000000006
2 0.4042890625 0.41001388888888884 0.07340625000000003 0.033458333333333375
2 0.6055234374999999 0.4192083333333333 0.04497656249999995 0.04427777777777777
1 0.6314609375 0.41383333333333333 0.020382812499999937 0.030458333333333264
2 0.6531796875 0.4601944444444444 0.04375 0.02762499999999998
2 0.8885625000000001 0.46805555555555556 0.031367187500000074 0.025791666666666737
2 0.4103125 0.42118055555555556 0.06821874999999995 0.02705555555555558