3 0.7049278846153846 0.33774038461538464 0.06610576923076923 0.08413461538461539
3 0.35997596153846156 0.23978365384615385 0.140625 0.11177884615384616
3 0.40805288461538464 0.34435096153846156 0.06370192307692307 0.08052884615384616
3 0.7566105769230769 0.24519230769230768 0.0829326923076923 0.0625
3 0.6832932692307693 0.2578125 0.06610576923076923 0.056490384615384616
3 0.5510817307692307 0.3293269230769231 0.09014423076923077 0.07692307692307693
3 0.8299278846153846 0.6105769230769231 0.06610576923076923 0.08173076923076923
3 0.7542067307692307 0.6177884615384616 0.0733173076923077 0.04807692307692308
3 0.7770432692307693 0.6838942307692307 0.046875 0.05048076923076923
3 0.7415865384615384 0.6923076923076923 0.055288461538461536 0.03365384615384615
3 0.4717548076923077 0.7043269230769231 0.08052884615384616 0.04807692307692308
3 0.20552884615384615 0.5919471153846154 0.09375 0.08533653846153846
3 0.8221153846153846 0.23377403846153846 0.02403846153846154 0.08533653846153846
3 0.8491586538461539 0.4441105769230769 0.037259615384615384 0.03485576923076923
2 0.5570913461538461 0.4308894230769231 0.03485576923076923 0.06129807692307692
2 0.6430288461538461 0.3347355769230769 0.036057692307692304 0.08052884615384616
3 0.7650240384615384 0.15865384615384615 0.051682692307692304 0.052884615384615384
3 0.7349759615384616 0.08473557692307693 0.06850961538461539 0.07091346153846154
3 0.5324519230769231 0.08473557692307693 0.04567307692307692 0.07091346153846154
3 0.6322115384615384 0.47836538461538464 0.03365384615384615 0.057692307692307696
2 0.5198317307692307 0.5450721153846154 0.03245192307692308 0.030048076923076924
2 0.6358173076923077 0.6376201923076923 0.026442307692307692 0.03245192307692308