2 0.977734375 0.8535937499999999 0.04453125 0.07751562499999984
3 0.616109375 0.6989375 0.280265625 0.23693749999999997
2 0.529984375 0.60990625 0.21425 0.13701562499999992
3 0.596 0.4800625 0.121296875 0.11560937500000001
2 0.49053125 0.487484375 0.105265625 0.10701562500000002
3 0.399515625 0.53571875 0.1341875 0.11362500000000005
2 0.603796875 0.35646875 0.105671875 0.09107812499999994
2 0.53253125 0.1920625 0.197453125 0.09818750000000001
2 0.38703125 0.12176562500000002 0.10954687500000002 0.09823437500000001
2 0.343078125 0.100875 0.06851562500000004 0.09942187499999999
2 0.2940625 0.070609375 0.12359375000000003 0.09748437499999998
2 0.34192187500000004 0.274859375 0.18804687499999995 0.107515625
3 0.026890625 0.061640625000000004 0.04854687500000001 0.05609375000000001
2 0.5243125 0.364671875 0.059562500000000004 0.052796875000000035
2 0.517859375 0.3365625 0.066203125 0.05906250000000002
3 0.43134375 0.349078125 0.154875 0.08778125
3 0.476078125 0.265109375 0.0876875 0.07601562499999996