2 0.977734375 0.14640625000000007 0.04453125 0.07751562500000002
3 0.616109375 0.3010625 0.280265625 0.23693749999999997
2 0.529984375 0.39009375 0.21425 0.13701562499999992
3 0.596 0.5199374999999999 0.121296875 0.11560937500000001
2 0.49053125 0.512515625 0.105265625 0.10701562500000002
3 0.399515625 0.46428125 0.1341875 0.11362500000000005
2 0.603796875 0.64353125 0.105671875 0.09107812499999994
2 0.53253125 0.8079375000000001 0.197453125 0.09818749999999987
2 0.38703125 0.8782343749999999 0.10954687500000002 0.09823437499999983
2 0.343078125 0.8991250000000001 0.06851562500000004 0.09942187500000017
2 0.2940625 0.9293906249999999 0.12359375000000003 0.09748437500000015
2 0.34192187500000004 0.7251406250000001 0.18804687499999995 0.10751562499999992
3 0.026890625 0.9383593749999999 0.04854687500000001 0.056093750000000143
2 0.5243125 0.635328125 0.059562500000000004 0.052796874999999945
2 0.517859375 0.6634375 0.066203125 0.05906249999999993
3 0.43134375 0.6509218750000001 0.154875 0.08778124999999992
3 0.476078125 0.734890625 0.0876875 0.07601562499999996