2 0.6550480769230769 0.589058524173028 0.09375 0.06361323155216285
2 0.8088942307692307 0.5572519083969466 0.08413461538461539 0.06615776081424936
2 0.23076923076923078 0.5343511450381679 0.1201923076923077 0.05597964376590331
2 0.11057692307692307 0.47455470737913485 0.09615384615384616 0.0737913486005089
2 0.46634615384615385 0.46946564885496184 0.1971153846153846 0.06361323155216285
2 0.7524038461538461 0.4491094147582697 0.09615384615384616 0.11450381679389313
2 0.9278846153846154 0.43384223918575066 0.14423076923076922 0.0737913486005089
2 0.07572115384615384 0.4198473282442748 0.15144230769230768 0.10178117048346055
2 0.23076923076923078 0.4083969465648855 0.22115384615384615 0.15012722646310434
2 0.6995192307692307 0.3333333333333333 0.12980769230769232 0.17302798982188294
2 0.44711538461538464 0.2862595419847328 0.15865384615384615 0.19592875318066158
2 0.6694711538461539 0.2366412213740458 0.22355769230769232 0.11195928753180662
1 0.8701923076923077 0.14122137404580154 0.09615384615384616 0.22646310432569974