2 0.6550480769230769 0.410941475826972 0.09375 0.06361323155216285
2 0.8088942307692307 0.44274809160305345 0.08413461538461539 0.06615776081424936
2 0.23076923076923078 0.46564885496183206 0.1201923076923077 0.05597964376590331
2 0.11057692307692307 0.5254452926208651 0.09615384615384616 0.0737913486005089
2 0.46634615384615385 0.5305343511450382 0.1971153846153846 0.06361323155216285
2 0.7524038461538461 0.5508905852417303 0.09615384615384616 0.11450381679389313
2 0.9278846153846154 0.5661577608142494 0.14423076923076922 0.0737913486005089
2 0.07572115384615384 0.5801526717557252 0.15144230769230768 0.10178117048346055
2 0.23076923076923078 0.5916030534351145 0.22115384615384615 0.15012722646310434
2 0.6995192307692307 0.6666666666666666 0.12980769230769232 0.17302798982188294
2 0.44711538461538464 0.7137404580152672 0.15865384615384615 0.19592875318066158
2 0.6694711538461539 0.7633587786259542 0.22355769230769232 0.11195928753180662
1 0.8701923076923077 0.8587786259541985 0.09615384615384616 0.22646310432569974