2 0.34975961538461536 0.6153846153846154 0.10336538461538461 0.08173076923076923
2 0.18389423076923078 0.5877403846153846 0.0985576923076923 0.06971153846153846
2 0.8233173076923077 0.5552884615384616 0.18509615384615385 0.0625
2 0.8978365384615384 0.5012019230769231 0.0985576923076923 0.06490384615384616
2 0.23918269230769232 0.4795673076923077 0.07451923076923077 0.0985576923076923
2 0.9302884615384616 0.45072115384615385 0.13942307692307693 0.09375
2 0.78125 0.4387019230769231 0.25961538461538464 0.15144230769230768
2 0.32572115384615385 0.27884615384615385 0.2283653846153846 0.1201923076923077
1 0.13581730769230768 0.18870192307692307 0.10336538461538461 0.20432692307692307
2 0.5499759615384615 0.3151923076923077 0.1624278846153846 0.2029567307692308
2 0.06310096153846154 0.46497596153846155 0.12620192307692307 0.0956971153846154
2 0.04007211538461542 0.5548798076923077 0.08012019230769231 0.09615384615384616
2 0.1255288461538462 0.3782451923076924 0.11084134615384619 0.0888461538461538
2 0.5367548076923077 0.5058173076923077 0.18288461538461534 0.06848557692307694
2 0.4874759615384615 0.6834375 0.08552884615384612 0.03935096153846155
2 0.3446634615384615 0.49141826923076926 0.09235576923076927 0.1389903846153846
2 0.2961778846153846 0.36800480769230764 0.14766826923076926 0.15908653846153847
2 0.42920673076923077 0.6395673076923077 0.08312499999999996 0.048389423076923066
2 0.5902403846153846 0.541875 0.1107451923076923 0.07012019230769234