2 0.6502403846153846 0.38461538461538464 0.10336538461538461 0.08173076923076923
2 0.8161057692307693 0.41225961538461536 0.0985576923076923 0.06971153846153846
2 0.17668269230769232 0.44471153846153844 0.18509615384615385 0.0625
2 0.10216346153846154 0.4987980769230769 0.0985576923076923 0.06490384615384616
2 0.7608173076923077 0.5204326923076923 0.07451923076923077 0.0985576923076923
2 0.06971153846153846 0.5492788461538461 0.13942307692307693 0.09375
2 0.21875 0.5612980769230769 0.25961538461538464 0.15144230769230768
2 0.6742788461538461 0.7211538461538461 0.2283653846153846 0.1201923076923077
1 0.8641826923076923 0.8112980769230769 0.10336538461538461 0.20432692307692307
2 0.4500240384615385 0.6848076923076923 0.1624278846153846 0.20295673076923093
2 0.9368990384615384 0.5350240384615385 0.12620192307692307 0.0956971153846154
2 0.9599278846153846 0.4451201923076923 0.0801201923076924 0.09615384615384616
2 0.8744711538461538 0.6217548076923076 0.11084134615384619 0.08884615384615394
2 0.46324519230769234 0.49418269230769235 0.18288461538461534 0.06848557692307694
2 0.5125240384615385 0.31656249999999997 0.08552884615384612 0.03935096153846155
2 0.6553365384615385 0.5085817307692307 0.09235576923076913 0.1389903846153846
2 0.7038221153846155 0.6319951923076924 0.14766826923076912 0.15908653846153833
2 0.5707932692307692 0.3604326923076923 0.08312499999999996 0.048389423076923066
2 0.4097596153846154 0.458125 0.1107451923076923 0.07012019230769234