2 0.346390625 0.12160937500000006 0.09045312499999998 0.084140625
2 0.78815625 0.044859375000000055 0.13803125000000005 0.07745312499999998
2 0.67996875 0.13078125000000007 0.07053124999999998 0.07749999999999999
2 0.771765625 0.20125 0.08226562499999997 0.059531250000000036
2 0.7633593750000001 0.333421875 0.08734374999999997 0.16371874999999997
2 0.7108125000000001 0.33151562500000004 0.07710937500000004 0.11354687500000002
2 0.67528125 0.30104687500000005 0.06070312500000004 0.09634374999999995
2 0.6041875 0.18151562499999993 0.04707812499999999 0.10834375000000004
2 0.64853125 0.24850000000000003 0.03576562499999998 0.10245312499999999
2 0.598921875 0.2656875 0.08845312500000002 0.0711875
2 0.483109375 0.259453125 0.08260937500000001 0.06624999999999996
2 0.371390625 0.33209375 0.09356249999999999 0.05848437500000001
2 0.44834375 0.34221874999999996 0.07284375000000001 0.06803125000000003
2 0.435640625 0.470328125 0.09317187499999999 0.05075000000000003
2 0.53075 0.205171875 0.08417187500000001 0.07325
2 0.70653125 0.23501562500000003 0.04553124999999998 0.12003124999999999
2 0.530171875 0.305734375 0.032218750000000004 0.08696874999999996
2 0.569234375 0.33462500000000006 0.03532812500000002 0.10417187500000002
2 0.600671875 0.31725000000000003 0.04942187499999999 0.07565625000000002
2 0.72371875 0.5123125 0.07367187499999997 0.06912500000000002
2 0.523328125 0.38537499999999997 0.061515625000000004 0.07231249999999996
2 0.515328125 0.419734375 0.06190625000000001 0.06292187499999997
2 0.17376562499999998 0.5078125 0.082953125 0.03828125
2 0.162828125 0.5644375 0.07357812500000001 0.07345312499999998
2 0.130984375 0.65153125 0.061968749999999996 0.06334374999999995
2 0.197578125 0.6665625000000001 0.05062500000000001 0.09967187499999994
2 0.29153125 0.628265625 0.10289062499999994 0.1049687500000001
2 0.544421875 0.48846875 0.07245312500000001 0.05975000000000001
2 0.6481250000000001 0.39649999999999996 0.06501562500000002 0.07503124999999997
2 0.724875 0.44495312499999995 0.04273437500000003 0.06245312500000004
2 0.658671875 0.521296875 0.03454687500000002 0.07771875000000002
2 0.69559375 0.582984375 0.08615624999999998 0.03245312499999997
2 0.512390625 0.612671875 0.07089062500000001 0.05121874999999996
2 0.5415 0.5681406250000001 0.07793749999999999 0.06282812500000005
2 0.608484375 0.5328125 0.034937500000000024 0.09139062500000002
2 0.6323125 0.526765625 0.03415625000000002 0.09490625000000001
2 0.5788125 0.44609375 0.09317187499999999 0.10390625
2 0.468265625 0.655828125 0.0654375 0.04695312499999993
2 0.463765625 0.6118750000000001 0.055671874999999996 0.05656250000000007
2 0.653015625 0.466609375 0.05412499999999998 0.062890625
2 0.27531249999999996 0.600171875 0.07326562499999997 0.06059374999999996