3 0.95859375 0.64140625 0.0828125 0.0921875
3 0.9426406249999999 0.45332812499999997 0.0969843749999999 0.066015625
3 0.41593749999999996 0.8305468749999999 0.14001562500000003 0.19546874999999986
3 0.232546875 0.8434375 0.12006250000000004 0.16968749999999985
3 0.06114062499999999 0.8760468749999999 0.122265625 0.10757812499999986
3 0.682109375 0.41798437499999996 0.07248437499999998 0.07737499999999997
3 0.6604375 0.46076562499999996 0.06773437500000004 0.05192187500000003
3 0.608484375 0.481828125 0.075203125 0.06834375000000001
3 0.03301562499999999 0.503703125 0.066015625 0.08082812500000003
3 0.14035937500000006 0.42403124999999997 0.054421874999999974 0.04651562499999997
3 0.17962500000000006 0.60659375 0.09545312500000006 0.08429687500000008
3 0.10462500000000005 0.6060156250000001 0.073296875 0.08234375000000008
3 0.49678125 0.6286562499999999 0.079875 0.08076562499999991
3 0.429 0.625359375 0.061921874999999994 0.07817187499999996
3 0.36065625 0.6161875 0.08928124999999998 0.08481249999999996
3 0.389171875 0.47946875 0.10212500000000002 0.15114062500000003
3 0.520796875 0.504875 0.09042187500000001 0.09098437500000003
3 0.573921875 0.40803124999999996 0.07793749999999999 0.06917187499999997
3 0.483703125 0.42970312499999996 0.07870312500000001 0.08517187499999998
3 0.2440625 0.73878125 0.09310937500000005 0.11349999999999998
3 0.17239062500000008 0.704421875 0.08774999999999995 0.10728124999999995
3 0.04504687500000006 0.709890625 0.083078125 0.07134374999999996
3 0.11145312500000007 0.733890625 0.128375 0.170140625
3 0.09759375000000006 0.508390625 0.050124999999999975 0.027718750000000014
3 0.24737499999999998 0.4751875 0.12835937499999997 0.062890625
3 0.21067187499999998 0.519328125 0.07054687499999997 0.03395312500000003
3 0.30870312499999997 0.584921875 0.07131249999999997 0.05579687500000006
3 0.310078125 0.543921875 0.07795312499999998 0.04410937500000003
3 0.3051875 0.40725 0.05646874999999998 0.05198437499999997