3 0.21437499999999998 0.534015625 0.07640624999999997 0.24370312500000005
2 0.09837500000000002 0.9609375 0.14776562499999998 0.078125
3 0.097390625 0.7489687500000001 0.13228125 0.04271875000000005
2 0.039578125 0.531453125 0.07915625 0.073046875
2 0.044140625 0.458203125 0.08828125 0.0890625
3 0.128453125 0.49378124999999995 0.076421875 0.16010937500000005
2 0.224328125 0.29323437500000005 0.11585937499999996 0.11196874999999995
2 0.116921875 0.1768593750000001 0.11196874999999999 0.11032812500000003
2 0.035875000000000004 0.1747187500000001 0.07175000000000001 0.10604687500000001
3 0.733671875 0.06229687500000001 0.09701562500000005 0.093359375
1 0.412796875 0.47639062499999996 0.07048437500000002 0.08785937500000003
3 0.327640625 0.45081249999999995 0.146703125 0.07417187500000004
3 0.694796875 0.7718125 0.24037500000000006 0.10403124999999988