2 0.88796875 0.1784218750000001 0.15298437500000012 0.09159375
2 0.835625 0.571671875 0.08579687500000013 0.07853124999999998
2 0.7371875 0.29090625000000003 0.12357812500000005 0.16351562499999997
2 0.7559375 0.5160312499999999 0.09857812500000004 0.09217187500000001
2 0.6539843750000001 0.64684375 0.09000000000000004 0.08834374999999994
2 0.596578125 0.6425468750000001 0.09235937500000002 0.10473437499999996
2 0.499328125 0.7151875000000001 0.09432812500000001 0.05323437500000008
2 0.4895625 0.7565781250000001 0.10604687500000001 0.048562500000000064
2 0.418859375 0.8278437499999999 0.05212500000000002 0.06618749999999984
2 0.23020312499999998 0.832734375 0.07787500000000006 0.07595312499999984
2 0.20578124999999997 0.7649687500000001 0.06468749999999997 0.07473437499999988
2 0.60165625 0.32057812500000005 0.12403125 0.15103124999999995
2 0.495203125 0.26665625000000004 0.13573437500000002 0.13173437500000001
2 0.451859375 0.36275 0.11932812500000001 0.0823281249999999
2 0.530359375 0.443765625 0.11854687500000001 0.06009375000000006
2 0.45753125 0.46565625 0.07635937500000001 0.13821875000000006
2 0.545015625 0.533796875 0.15135937500000002 0.09959375000000001
2 0.40128125 0.55565625 0.12634375000000003 0.087109375
2 0.311640625 0.5939375 0.06545312499999997 0.10432812499999997
2 0.24190625 0.567375 0.08617187499999997 0.07931249999999998
2 0.38253125 0.70484375 0.08571875000000002 0.10126562499999991
2 0.4913125 0.650953125 0.0751875 0.11528124999999996
2 0.653015625 0.443390625 0.126765625 0.09681250000000005
2 0.36515624999999996 0.631421875 0.06970312500000002 0.060609374999999945