3 0.961 0.16357812500000007 0.055343750000000115 0.09314062500000002
3 0.570796875 0.64003125 0.1310625 0.21525
3 0.6995 0.722015625 0.05724999999999998 0.06690625000000008
3 0.698125 0.65796875 0.04826562499999998 0.06998437499999995
3 0.464359375 0.57228125 0.113078125 0.20779687500000002
3 0.476078125 0.35396875000000005 0.11345312500000002 0.09912499999999991
3 0.259890625 0.73178125 0.08101562500000004 0.061437500000000075
3 0.6100625 0.8376250000000001 0.1970625 0.16693749999999988
3 0.924609375 0.8788281250000001 0.15078125 0.21812499999999985
3 0.17551562500000006 0.8749218750000001 0.13723437499999996 0.24154687499999988
3 0.14895312500000008 0.43851562499999996 0.15598437499999998 0.18703125000000007
3 0.7301562500000001 0.07084375000000005 0.06234374999999996 0.09192187499999997
3 0.689734375 0.21807812499999998 0.08459374999999998 0.164640625
3 0.563375 0.18898437500000007 0.07559374999999999 0.15642187500000002
3 0.600484375 0.36353125000000003 0.08731249999999999 0.09637499999999992
3 0.03021875000000005 0.286984375 0.05596874999999999 0.09321874999999995
2 0.27825 0.40707812499999996 0.09898437500000004 0.14600000000000007
3 0.8754531249999999 0.299484375 0.052984375000000125 0.08384374999999995
3 0.8496874999999999 0.030078125 0.07642187500000013 0.06015625
3 0.7541875 0.36100000000000004 0.07289062499999996 0.14440624999999993
3 0.861015625 0.1532343750000001 0.07407812500000013 0.10681250000000002
3 0.035546875 0.1844687499999999 0.05234375 0.07870312500000001
3 0.495015625 0.945953125 0.04237500000000001 0.07239062499999989