1 0.29328125 0.6036875 0.04670312499999998 0.06137499999999996
2 0.384484375 0.455484375 0.06114062499999999 0.06479687500000005
2 0.288390625 0.43792187499999996 0.07209374999999998 0.060890625000000045
2 0.391703125 0.9266406249999999 0.040437499999999994 0.02953125000000014
2 0.18742187500000002 0.8143750000000001 0.061562500000000006 0.042359374999999845
2 0.27453125 0.9414843749999999 0.07170312499999998 0.03734375000000014
2 0.145046875 0.9457812499999999 0.04321874999999999 0.03343750000000014
2 0.8375625 0.37249999999999994 0.06107812499999987 0.054984374999999995
2 0.9330624999999999 0.334046875 0.0762812499999999 0.06551562500000001
2 0.637 0.05618750000000006 0.12476562500000003 0.093859375
2 0.454203125 0.6702656250000001 0.07168749999999999 0.05710937499999993