3 0.039 0.16357812500000007 0.055343750000000004 0.09314062500000002
3 0.429203125 0.64003125 0.1310625 0.21525
3 0.3005 0.722015625 0.05724999999999998 0.06690625000000008
3 0.301875 0.65796875 0.04826562499999998 0.06998437499999995
3 0.535640625 0.57228125 0.113078125 0.20779687500000002
3 0.523921875 0.35396875000000005 0.11345312500000002 0.09912499999999991
3 0.7401093750000001 0.73178125 0.08101562500000004 0.061437500000000075
3 0.3899375 0.8376250000000001 0.1970625 0.16693749999999988
3 0.075390625 0.8788281250000001 0.15078125 0.21812499999999985
3 0.8244843749999999 0.8749218750000001 0.13723437499999988 0.24154687499999988
3 0.851046875 0.43851562499999996 0.1559843749999999 0.18703125000000007
3 0.26984375 0.07084375000000005 0.06234374999999996 0.09192187499999997
3 0.310265625 0.21807812499999998 0.08459374999999998 0.164640625
3 0.436625 0.18898437500000007 0.07559374999999999 0.15642187500000002
3 0.399515625 0.36353125000000003 0.08731249999999999 0.09637499999999992
3 0.9697812499999999 0.286984375 0.0559687499999999 0.09321874999999995
2 0.72175 0.40707812499999996 0.09898437500000004 0.14600000000000007
3 0.12454687499999999 0.299484375 0.05298437499999999 0.08384374999999995
3 0.15031250000000002 0.030078125 0.076421875 0.06015625
3 0.2458125 0.36100000000000004 0.07289062499999996 0.14440624999999993
3 0.138984375 0.1532343750000001 0.074078125 0.10681250000000002
3 0.964453125 0.1844687499999999 0.05234375 0.07870312500000001
3 0.504984375 0.945953125 0.04237500000000001 0.07239062499999989