3 0.040625 0.64140625 0.08125 0.0921875
3 0.057359375000000004 0.45332812499999997 0.09698437500000001 0.066015625
3 0.5840625 0.8305468749999999 0.14001562500000003 0.19546874999999986
3 0.7674531250000001 0.8434375 0.12006250000000004 0.16968749999999985
3 0.938859375 0.8760468749999999 0.122265625 0.10757812499999986
3 0.317890625 0.41798437499999996 0.07248437499999998 0.07737499999999997
3 0.3395625 0.46076562499999996 0.06773437500000004 0.05192187500000003
3 0.391515625 0.481828125 0.075203125 0.06834375000000001
3 0.966984375 0.503703125 0.066015625 0.08082812500000003
3 0.8596406249999999 0.42403124999999997 0.054421874999999884 0.04651562499999997
3 0.820375 0.60659375 0.09545312499999987 0.08429687500000008
3 0.8953749999999999 0.6060156250000001 0.07329687500000012 0.08234375000000008
3 0.50321875 0.6286562499999999 0.079875 0.08076562499999991
3 0.571 0.625359375 0.061921874999999994 0.07817187499999996
3 0.63934375 0.6161875 0.08928124999999998 0.08481249999999996
3 0.610828125 0.47946875 0.10212500000000002 0.15114062500000003
3 0.479203125 0.504875 0.09042187500000001 0.09098437500000003
3 0.426078125 0.40803124999999996 0.07793749999999999 0.06917187499999997
3 0.516296875 0.42970312499999996 0.07870312500000001 0.08517187499999998
3 0.7559375 0.73878125 0.09310937500000005 0.11349999999999998
3 0.827609375 0.704421875 0.08775000000000013 0.10728124999999995
3 0.954953125 0.709890625 0.08307812500000011 0.07134374999999996
3 0.888546875 0.733890625 0.12837500000000013 0.170140625
3 0.90240625 0.508390625 0.050124999999999885 0.027718750000000014
3 0.752625 0.4751875 0.12835937499999997 0.062890625
3 0.789328125 0.519328125 0.07054687499999997 0.03395312500000003
3 0.691296875 0.584921875 0.07131249999999997 0.05579687500000006
3 0.689921875 0.543921875 0.07795312499999998 0.04410937500000003
3 0.6948125 0.40725 0.05646874999999998 0.05198437499999997