2 0.6298076923076923 0.5985576923076923 0.07211538461538461 0.14423076923076922
2 0.5348557692307693 0.4963942307692308 0.17548076923076922 0.07932692307692307
2 0.359375 0.41466346153846156 0.13701923076923078 0.20432692307692307
2 0.16947115384615385 0.40625 0.13701923076923078 0.1971153846153846
2 0.6838942307692307 0.359375 0.36778846153846156 0.2091346153846154
2 0.3762019230769231 0.31009615384615385 0.16105769230769232 0.15384615384615385
2 0.20192307692307693 0.19110576923076922 0.21634615384615385 0.25240384615384615
2 0.25600961538461536 0.13221153846153846 0.12740384615384615 0.20673076923076922
2 0.8870192307692307 0.10697115384615384 0.20673076923076922 0.2091346153846154
2 0.4926923076923077 0.5919471153846154 0.1452163461538462 0.10620192307692296
2 0.28076923076923077 0.5967548076923077 0.1764423076923077 0.1734855769230768