2 0.3701923076923077 0.5985576923076923 0.07211538461538461 0.14423076923076922
2 0.4651442307692308 0.4963942307692308 0.17548076923076922 0.07932692307692307
2 0.640625 0.41466346153846156 0.13701923076923078 0.20432692307692307
2 0.8305288461538461 0.40625 0.13701923076923078 0.1971153846153846
2 0.3161057692307692 0.359375 0.36778846153846156 0.2091346153846154
2 0.6237980769230769 0.31009615384615385 0.16105769230769232 0.15384615384615385
2 0.7980769230769231 0.19110576923076922 0.21634615384615385 0.25240384615384615
2 0.7439903846153846 0.13221153846153846 0.12740384615384615 0.20673076923076922
2 0.11298076923076923 0.10697115384615384 0.20673076923076922 0.2091346153846154
2 0.5073076923076922 0.5919471153846154 0.1452163461538462 0.10620192307692296
2 0.7192307692307692 0.5967548076923077 0.17644230769230765 0.1734855769230768