2 0.6918990384615386 0.7379807692307693 0.055288461538461536 0.057692307692307696
2 0.125 0.6887019230769231 0.09615384615384616 0.06490384615384616
2 0.5456730769230769 0.6826923076923077 0.08173076923076923 0.04807692307692308
2 0.5889423076923077 0.4567307692307692 0.09615384615384616 0.09134615384615384
2 0.49759615384615385 0.44471153846153844 0.0625 0.10576923076923077
2 0.40865384615384615 0.39302884615384615 0.08173076923076923 0.040865384615384616
2 0.43990384615384615 0.21754807692307693 0.04326923076923077 0.0985576923076923
2 0.2509134615384615 0.5967067307692308 0.04911057692307694 0.09567307692307694
2 0.49408653846153844 0.581923076923077 0.046658653846153905 0.07653846153846147
2 0.35387019230769223 0.8374519230769231 0.04829326923076917 0.06548076923076926
2 0.414375 0.705889423076923 0.039471153846153885 0.05860576923076922