2 0.36710937499999996 0.4928021978021978 0.30912109374999996 0.15637362637362642
2 0.38664062499999996 0.5773351648351649 0.3421679687499999 0.11412087912087918
2 0.5443554687500001 0.6682142857142858 0.24908203124999995 0.11412087912087902
2 0.82150390625 0.21807692307692306 0.2236328125 0.2155494505494505
2 0.67580078125 0.3174175824175824 0.3077148437499999 0.15637362637362642
2 0.28974609375000004 0.09024725274725282 0.34964843749999996 0.15005494505494507
2 0.23865234375 0.22972527472527474 0.2054296875 0.15005494505494507
2 0.40240234374999995 0.36178571428571427 0.22050781249999996 0.17329670329670324
2 0.10546875 0.5494505494505495 0.2109375 0.1813186813186813
2 0.10382812500000005 0.823543956043956 0.20765625 0.13736263736263737
2 0.70884765625 0.7559065934065934 0.32275390625 0.12046703296703302
2 0.0576171875 0.3695054945054945 0.115234375 0.20054945054945056
2 0.0576171875 0.14972527472527472 0.115234375 0.18956043956043955
2 0.1474609375 0.9423076923076923 0.294921875 0.11538461538461539
2 0.51732421875 0.8478571428571429 0.3301953124999999 0.13101648351648368
2 0.82751953125 0.8541758241758243 0.27169921875 0.1225824175824176