2 0.632890625 0.5071978021978022 0.30912109375 0.15637362637362637
2 0.613359375 0.42266483516483516 0.34216796875 0.11412087912087912
2 0.45564453125 0.3317857142857143 0.24908203125 0.11412087912087912
2 0.17849609375 0.7819230769230769 0.2236328125 0.21554945054945054
2 0.32419921875 0.6825824175824176 0.30771484375 0.15637362637362637
2 0.71025390625 0.9097527472527472 0.3496484375 0.15005494505494504
2 0.76134765625 0.7702747252747253 0.2054296875 0.15005494505494504
2 0.59759765625 0.6382142857142857 0.2205078125 0.1732967032967033
2 0.89392578125 0.45013736263736265 0.21216796875 0.18173076923076925
2 0.896171875 0.17645604395604397 0.20765625 0.13736263736263737
2 0.29115234375 0.2440934065934066 0.32275390625 0.12046703296703297
2 0.9419921875 0.6287087912087912 0.116015625 0.20076923076923076
2 0.9419921875 0.8484890109890111 0.116015625 0.18807692307692306
2 0.85185546875 0.05706043956043956 0.29630859375 0.11412087912087912
2 0.48267578125 0.15214285714285716 0.3301953125 0.1310164835164835
2 0.17248046875 0.1458241758241758 0.27169921875 0.12258241758241757