2 0.36710937499999996 0.5071978021978022 0.30912109374999996 0.15637362637362642
2 0.38664062499999996 0.42266483516483516 0.3421679687499999 0.11412087912087918
2 0.5443554687500001 0.3317857142857143 0.24908203124999995 0.11412087912087909
2 0.82150390625 0.7819230769230769 0.2236328125 0.21554945054945066
2 0.67580078125 0.6825824175824176 0.3077148437499999 0.15637362637362642
2 0.28974609375000004 0.9097527472527472 0.34964843749999996 0.15005494505494507
2 0.23865234375 0.7702747252747253 0.2054296875 0.15005494505494507
2 0.40240234374999995 0.6382142857142857 0.22050781249999996 0.1732967032967034
2 0.10546875 0.4478021978021978 0.2109375 0.1813186813186813
2 0.10382812500000005 0.17645604395604397 0.20765625 0.13736263736263737
2 0.70884765625 0.2440934065934066 0.32275390625 0.12046703296703296
2 0.0576171875 0.6277472527472527 0.115234375 0.20054945054945056
2 0.0576171875 0.8475274725274725 0.115234375 0.18956043956043955
2 0.1474609375 0.05631868131868132 0.294921875 0.11263736263736264
2 0.51732421875 0.15214285714285714 0.3301953124999999 0.1310164835164835
2 0.82751953125 0.1458241758241758 0.27169921875 0.1225824175824176