2 0.72576 0.7124511545293073 0.08761999999999989 0.4302309058614565
2 0.37583000000000005 0.42332149200710484 0.22749 0.12827708703374774
2 0.54024 0.5910834813499112 0.06756999999999994 0.32959147424511537
2 0.6646700000000001 0.5239786856127886 0.18980999999999995 0.25854351687388977
2 0.41302999999999995 0.23484902309058614 0.05752999999999997 0.20920071047957375
2 0.13641999999999996 0.6887744227353463 0.12410000000000002 0.20129662522202493
2 0.16197000000000003 0.8789165186500888 0.16632 0.24214920071047966
2 0.46303 0.6216696269982238 0.09309000000000003 0.16577264653641216
2 0.87629 0.35424511545293075 0.08433999999999992 0.1756483126110124
2 0.93462 0.6877797513321493 0.12546000000000004 0.2427531083481349
2 0.9218500000000001 0.8808880994671403 0.1421200000000001 0.23820603907637658
2 0.8540699999999999 0.5180639431616342 0.06655999999999994 0.29801065719360564
2 0.63189 0.23484902309058614 0.05538000000000011 0.12236234458259322
2 0.76076 0.41740674955595025 0.16428999999999996 0.25458259325044413
2 0.31472 0.22202486678507993 0.10749 0.12827708703374782
2 0.072 0.44493783303730017 0.144 0.19715808170515098
2 0.5280199999999999 0.25655417406749553 0.08311999999999989 0.15394316163410304
2 0.47747 0.904582593250444 0.11531999999999994 0.190834813499112
2 0.37139 0.8483303730017763 0.29192000000000007 0.30333925399644757