2 0.72576 0.2875488454706927 0.08761999999999989 0.4302309058614565
2 0.37583000000000005 0.5766785079928951 0.22749 0.12827708703374782
2 0.54024 0.4089165186500889 0.06756999999999994 0.32959147424511537
2 0.6646700000000001 0.47602131438721135 0.18980999999999995 0.25854351687388977
2 0.41302999999999995 0.7651509769094138 0.05752999999999997 0.20920071047957367
2 0.13641999999999996 0.31122557726465366 0.12410000000000002 0.20129662522202485
2 0.16197000000000003 0.12108348134991122 0.16632 0.24214920071047966
2 0.46303 0.3783303730017762 0.09309000000000003 0.16577264653641216
2 0.87629 0.6457548845470693 0.08433999999999992 0.1756483126110124
2 0.93462 0.31222024866785075 0.12546000000000004 0.2427531083481349
2 0.9218500000000001 0.11911190053285968 0.1421200000000001 0.23820603907637658
2 0.8540699999999999 0.4819360568383659 0.06655999999999994 0.29801065719360564
2 0.63189 0.7651509769094138 0.05538000000000011 0.12236234458259322
2 0.76076 0.5825932504440497 0.16428999999999996 0.25458259325044413
2 0.31472 0.7779751332149201 0.10749 0.12827708703374782
2 0.072 0.5532859680284192 0.144 0.19715808170515098
2 0.5280199999999999 0.7434458259325044 0.08311999999999989 0.15394316163410296
2 0.47747 0.095417406749556 0.11531999999999994 0.19083481349911188
2 0.371 0.15097690941385436 0.292 0.3019538188277087