2 0.27424 0.7124511545293073 0.08762 0.43023090586145646
2 0.62417 0.42332149200710484 0.22749 0.12827708703374777
2 0.45976 0.5910834813499112 0.06756999999999999 0.3295914742451155
2 0.33532999999999996 0.5239786856127886 0.18981 0.2585435168738899
2 0.58697 0.23484902309058614 0.05753 0.20920071047957373
2 0.86358 0.6887744227353463 0.12409999999999999 0.20129662522202488
2 0.8380299999999999 0.8789165186500888 0.16632 0.2421492007104796
2 0.5369700000000001 0.6216696269982238 0.09309 0.16577264653641208
2 0.12371 0.35424511545293075 0.08434 0.17564831261101244
2 0.06538 0.6877797513321493 0.12546 0.24275310834813496
2 0.07815000000000001 0.8808880994671403 0.14212 0.23820603907637658
2 0.14593 0.5180639431616342 0.06656000000000001 0.2980106571936057
2 0.36811 0.23484902309058614 0.055380000000000006 0.12236234458259325
2 0.23924 0.41740674955595025 0.16429 0.2545825932504441
2 0.68528 0.22202486678507993 0.10748999999999999 0.12827708703374777
2 0.92799 0.4460213143872114 0.14402 0.19735346358792186
2 0.47198 0.25655417406749553 0.08312 0.15394316163410302
2 0.5225299999999999 0.904582593250444 0.11531999999999999 0.19083481349911188
2 0.62861 0.8483303730017763 0.29192 0.3033392539964476