3 0.6550480769230769 0.23016826923076922 0.055288461538461536 0.06850961538461539
3 0.5895432692307693 0.4014423076923077 0.054086538461538464 0.038461538461538464
3 0.5210336538461539 0.14603365384615385 0.046875 0.054086538461538464
3 0.8293269230769231 0.5072115384615384 0.057692307692307696 0.038461538461538464
3 0.8924278846153846 0.40805288461538464 0.09254807692307693 0.04927884615384615
2 0.7644230769230769 0.31430288461538464 0.038461538461538464 0.06370192307692307
2 0.7337740384615384 0.20432692307692307 0.04447115384615385 0.038461538461538464
2 0.6887019230769231 0.20192307692307693 0.021634615384615384 0.038461538461538464
2 0.7662259615384616 0.48197115384615385 0.027644230769230768 0.021634615384615384
2 0.9597355769230769 0.359375 0.025240384615384616 0.05048076923076923
2 0.9783653846153846 0.31850961538461536 0.019230769230769232 0.036057692307692304
2 0.8563701923076923 0.2824519230769231 0.025240384615384616 0.040865384615384616
3 0.5655048076923077 0.020432692307692308 0.054086538461538464 0.040865384615384616
2 0.6009615384615384 0.36538461538461536 0.038461538461538464 0.03365384615384615