2 0.7620192307692307 0.7546153846153847 0.1458173076923076 0.42105769230769224
0 0.6887019230769231 0.5372596153846154 0.06490384615384616 0.1658653846153846
2 0.6101682692307693 0.333125 0.1674759615384616 0.10855769230769237
2 0.4795673076923077 0.3215144230769231 0.08413461538461539 0.042067307692307696
2 0.39122596153846156 0.3195192307692307 0.0829326923076923 0.07490384615384621
0 0.37740384615384615 0.4501201923076923 0.14903846153846154 0.08774038461538461
2 0.5018028846153846 0.5408653846153846 0.09254807692307693 0.12980769230769232
2 0.44711538461538464 0.6556490384615384 0.21634615384615385 0.1141826923076923
0 0.38461538461538464 0.7560096153846154 0.10096153846153846 0.15625
2 0.40105769230769234 0.5492788461538461 0.12098557692307689 0.15144230769230768
1 0.027043269230769232 0.8990384615384616 0.051682692307692304 0.15384615384615385
3 0.08454326923076927 0.2996875 0.16105769230769232 0.20031250000000003
3 0.2536057692307692 0.43949519230769235 0.16105769230769232 0.16906249999999995
3 0.20192307692307693 0.6219951923076923 0.09615384615384616 0.07572115384615384
3 0.052884615384615384 0.1328125 0.0673076923076923 0.09735576923076923
3 0.4489182692307692 0.04266826923076923 0.1310096153846154 0.056490384615384616
3 0.4921875 0.10877403846153846 0.12620192307692307 0.04927884615384615
3 0.6298076923076923 0.1171875 0.11057692307692307 0.06610576923076923
3 0.9186778846153847 0.060288461538461534 0.09533653846153839 0.07411057692307692
3 0.8167067307692307 0.04026442307692308 0.0733173076923077 0.056490384615384616
2 0.8780048076923077 0.3784134615384615 0.1141826923076923 0.1045673076923077
2 0.8904326923076924 0.31189903846153844 0.12778846153846146 0.09014423076923077
2 0.77625 0.20432692307692307 0.08694711538461529 0.16346153846153846
2 0.7169471153846154 0.40685096153846156 0.14302884615384615 0.06850961538461539
3 0.5024038461538461 0.19771634615384615 0.057692307692307696 0.06370192307692307
2 0.4326923076923077 0.18810096153846154 0.04807692307692308 0.05889423076923077
1 0.3816105769230769 0.07752403846153846 0.030048076923076924 0.04447115384615385