2 0.203125 0.7055288461538461 0.07451923076923077 0.13701923076923078
2 0.38461538461538464 0.7391826923076923 0.22596153846153846 0.10817307692307693
2 0.5877403846153846 0.7512019230769231 0.10336538461538461 0.10817307692307693
2 0.1346153846153846 0.8822115384615384 0.21634615384615385 0.23076923076923078
2 0.29086538461538464 0.8918269230769231 0.2932692307692308 0.21153846153846154
2 0.5706249999999999 0.8498798076923078 0.1856971153846154 0.17201923076923092
2 0.12271634615384615 0.6215384615384616 0.18774038461538461 0.07644230769230759
2 0.08665865384615384 0.7863701923076923 0.17012019230769232 0.07353365384615393
2 0.8900961538461538 0.6375721153846154 0.16771634615384612 0.06680288461538453
2 0.6046634615384615 0.5844951923076923 0.1468028846153846 0.054423076923076893
2 0.7721153846153845 0.5354326923076923 0.17723557692307695 0.08848557692307693