2 0.796875 0.29447115384615385 0.07451923076923077 0.13701923076923078
2 0.6153846153846154 0.2608173076923077 0.22596153846153846 0.10817307692307693
2 0.41225961538461536 0.24879807692307693 0.10336538461538461 0.10817307692307693
2 0.8653846153846154 0.11778846153846154 0.21634615384615385 0.23076923076923078
2 0.7091346153846154 0.10817307692307693 0.2932692307692308 0.21153846153846154
2 0.429375 0.15012019230769227 0.1856971153846154 0.17201923076923079
2 0.8772836538461538 0.37846153846153846 0.18774038461538467 0.07644230769230773
2 0.9133413461538461 0.21362980769230772 0.17012019230769226 0.07353365384615386
2 0.10990384615384621 0.36242788461538455 0.16771634615384612 0.06680288461538467
2 0.3953365384615385 0.4155048076923077 0.1468028846153846 0.054423076923076893
2 0.2278846153846154 0.4645673076923077 0.17723557692307695 0.08848557692307693