3 0.71953125 0.9390625 0.1265625 0.121875
3 0.48409375 0.36720312499999996 0.138078125 0.11645312499999996
3 0.28645312500000003 0.6110781249999999 0.17396874999999995 0.14715624999999993
3 0.55225 0.676484375 0.13065625 0.23498437499999997
3 0.33390624999999996 0.466203125 0.18453125000000004 0.11521875000000001
3 0.549328125 0.46990625 0.234171875 0.15778125000000004
3 0.6948125 0.502328125 0.09084374999999997 0.12106250000000003
3 0.742078125 0.567546875 0.09476562499999996 0.07181250000000006
3 0.20129687500000001 0.2941875 0.14115624999999996 0.10321875
3 0.540140625 0.20221874999999997 0.1314375 0.08724999999999997
3 0.776453125 0.140515625 0.16664062499999996 0.10446875000000003
3 0.923703125 0.17234375 0.14556250000000012 0.11578124999999999
3 0.939640625 0.29828125 0.120703125 0.12312500000000001
3 0.8567031249999999 0.33967187499999996 0.2790156249999999 0.11217187500000003
3 0.783875 0.2344375 0.11273437499999997 0.10090624999999998
3 0.67059375 0.23521874999999998 0.11382812500000003 0.08684374999999997
3 0.63778125 0.29984375 0.17320312500000004 0.079390625
3 0.3131875 0.35217187499999997 0.12560937499999997 0.09029687500000003
3 0.434671875 0.6544218749999999 0.126375 0.14792187499999992
3 0.47490625 0.581015625 0.120890625 0.06360937500000005
3 0.8168593749999999 0.44765625 0.19934374999999988 0.08984375
3 0.61590625 0.14775 0.08259375000000002 0.05253125000000001
3 0.384484375 0.06281250000000001 0.06114062499999999 0.06625
3 0.449703125 0.265484375 0.13690625 0.07315624999999999