3 0.11619281045751634 0.6508823529411765 0.22513071895424835 0.24509803921568626
3 0.43392156862745096 0.8880637254901961 0.17429738562091504 0.22384803921568627
2 0.4738562091503268 0.7271323529411765 0.18882352941176472 0.1307107843137255
2 0.6372549019607843 0.6876470588235294 0.08714052287581699 0.24781862745098038
2 0.7543627450980392 0.8662745098039215 0.05627450980392156 0.26742647058823527
2 0.8823529411764706 0.45205882352941174 0.058104575163398696 0.16884803921568628
2 0.6181862745098039 0.5078921568627451 0.13980392156862745 0.07352941176470588
2 0.44026143790849676 0.3431372549019608 0.09259803921568628 0.09803921568627451
2 0.5265032679738563 0.27776960784313726 0.08351307189542484 0.07625
2 0.7752287581699346 0.4942892156862745 0.11256535947712418 0.0953186274509804
2 0.7933986928104575 0.45071078431372547 0.09803921568627451 0.10075980392156862
2 0.8224346405228757 0.3131862745098039 0.06898692810457516 0.09259803921568628
3 0.3004738562091503 0.6399754901960785 0.16521241830065359 0.15794117647058822
3 0.2568954248366013 0.511985294117647 0.2087908496732026 0.1361764705882353
2 0.3567483660130719 0.34041666666666665 0.09985294117647059 0.05990196078431373
3 0.6073039215686274 0.2668872549019608 0.20516339869281047 0.1742892156862745