2 0.7058823529411765 0.6318681318681318 0.23529411764705882 0.3021978021978022
3 0.8978758169934641 0.7335164835164835 0.15849673202614378 0.2857142857142857
3 0.3545751633986928 0.2541208791208791 0.16993464052287582 0.27197802197802196
2 0.9338235294117647 0.15521978021978022 0.12908496732026145 0.12362637362637363
2 0.42401960784313725 0.07554945054945054 0.03758169934640523 0.1510989010989011
2 0.3602941176470588 0.03159340659340659 0.10620915032679738 0.06318681318681318
2 0.2549019607843137 0.034340659340659344 0.09477124183006536 0.06868131868131869
2 0.11437908496732026 0.04120879120879121 0.1437908496732026 0.08241758241758242
2 0.7377450980392157 0.11401098901098901 0.07026143790849673 0.09065934065934066
2 0.6299019607843137 0.11950549450549451 0.12908496732026145 0.08516483516483517
2 0.8513071895424836 0.06593406593406594 0.03594771241830065 0.13186813186813187
2 0.48856209150326796 0.057692307692307696 0.08496732026143791 0.06043956043956044
2 0.696078431372549 0.0782967032967033 0.09477124183006536 0.1565934065934066