2 0.5098039215686274 0.7352941176470589 0.17429738562091496 0.27776960784313737
2 0.4008660130718954 0.7271323529411765 0.19970588235294123 0.32134803921568633
2 0.7004411764705881 0.42754901960784314 0.22513071895424833 0.08715686274509804
2 0.8329738562091503 0.7461764705882353 0.32316993464052285 0.20151960784313733
2 0.9391830065359477 0.2968382352941176 0.12163398692810466 0.1797303921568628
2 0.7331209150326796 0.32406862745098036 0.10166666666666671 0.09259803921568635
2 0.8220751633986928 0.34585784313725493 0.10893790849673214 0.09803921568627451
2 0.8384150326797386 0.4207598039215686 0.12346405228758162 0.11710784313725497
2 0.9164869281045751 0.49835784313725495 0.11256535947712434 0.07080882352941173
2 0.673202614379085 0.5541911764705882 0.14524509803921568 0.1770098039215687
2 0.16122549019607837 0.5746078431372549 0.13797385620915031 0.20151960784313733
2 0.05555555555555555 0.696078431372549 0.1111111111111111 0.19117647058823528
2 0.5570098039215686 0.4180392156862745 0.07988562091503265 0.09531862745098035
2 0.3591176470588235 0.5147058823529411 0.2541830065359476 0.1361764705882353
2 0.43718954248366015 0.4330147058823529 0.10529411764705873 0.07080882352941173
2 0.4625980392156863 0.3703676470588236 0.1270915032679738 0.07080882352941173
2 0.29919934640522877 0.4098529411764706 0.23238562091503273 0.19335784313725488
2 0.8502124183006536 0.25735294117647056 0.05627450980392166 0.12799019607843143