2 0.6850961538461539 0.2824519230769231 0.21153846153846154 0.12259615384615384
2 0.4951923076923077 0.21875 0.19230769230769232 0.09134615384615384
2 0.9290865384615384 0.15745192307692307 0.0889423076923077 0.18509615384615385
2 0.5216346153846154 0.10697115384615384 0.125 0.2091346153846154
2 0.9314903846153846 0.057692307692307696 0.13701923076923078 0.11057692307692307
2 0.17000000000000007 0.20283653846153846 0.17680288461538465 0.2153125
2 0.21127403846153842 0.13574519230769239 0.11834134615384613 0.11314903846153844
2 0.450625 0.3003605769230769 0.21252403846153853 0.11242788461538457
2 0.32704326923076926 0.17819711538461538 0.10519230769230767 0.20449519230769228
2 0.8081730769230769 0.4539423076923077 0.06235576923076936 0.1057211538461539
2 0.5245432692307692 0.3818509615384616 0.059495192307692304 0.07362980769230767
2 0.4522355769230769 0.44413461538461535 0.06310096153846154 0.08927884615384613