3 0.11619281045751634 0.34911764705882353 0.22513071895424835 0.24509803921568626
3 0.43392156862745096 0.11193627450980397 0.17429738562091496 0.22384803921568625
2 0.4738562091503268 0.2728676470588235 0.1888235294117646 0.13071078431372546
2 0.6372549019607843 0.31235294117647056 0.08714052287581706 0.24781862745098043
2 0.7543627450980392 0.13372549019607843 0.05627450980392147 0.2674264705882353
2 0.8823529411764706 0.5479411764705883 0.058104575163398606 0.16884803921568625
2 0.6181862745098039 0.4921078431372549 0.13980392156862756 0.07352941176470588
2 0.44026143790849676 0.6568627450980392 0.09259803921568621 0.09803921568627451
2 0.5265032679738563 0.7222303921568628 0.08351307189542485 0.07625000000000004
2 0.7752287581699346 0.5057107843137255 0.11256535947712416 0.09531862745098035
2 0.7933986928104574 0.5492892156862745 0.09803921568627451 0.10075980392156866
2 0.8224346405228757 0.6868137254901961 0.06898692810457521 0.09259803921568621
3 0.3004738562091503 0.36002450980392153 0.1652124183006536 0.15794117647058822
3 0.2568954248366013 0.48801470588235296 0.20879084967320266 0.1361764705882353
2 0.3567483660130719 0.6595833333333334 0.09985294117647062 0.05990196078431386
3 0.6073039215686274 0.7331127450980393 0.20516339869281056 0.17428921568627453