2 0.49019607843137253 0.2647058823529412 0.17429738562091496 0.2777696078431372
2 0.5991339869281046 0.2728676470588235 0.19970588235294123 0.32134803921568633
2 0.29955882352941177 0.5724509803921569 0.2251307189542484 0.08715686274509804
2 0.16702614379084968 0.2538235294117647 0.3231699346405229 0.20151960784313733
2 0.06081699346405228 0.7031617647058823 0.12163398692810456 0.17973039215686284
2 0.26687908496732027 0.6759313725490196 0.10166666666666661 0.09259803921568621
2 0.1779248366013072 0.654142156862745 0.108937908496732 0.09803921568627451
2 0.16158496732026145 0.5792401960784314 0.1234640522875817 0.11710784313725497
2 0.08351307189542484 0.501642156862745 0.1125653594771242 0.07080882352941173
2 0.32679738562091504 0.44580882352941176 0.14524509803921568 0.1770098039215687
2 0.8387745098039217 0.4253921568627451 0.13797385620915043 0.20151960784313733
2 0.9436274509803921 0.3014705882352941 0.11274509803921569 0.19117647058823528
2 0.4429901960784314 0.5819607843137254 0.07988562091503265 0.09531862745098035
2 0.6408823529411766 0.4852941176470588 0.2541830065359476 0.1361764705882353
2 0.5628104575163398 0.5669852941176471 0.10529411764705873 0.07080882352941173
2 0.5374019607843137 0.6296323529411765 0.1270915032679738 0.07080882352941173
2 0.7008006535947712 0.5901470588235295 0.23238562091503273 0.19335784313725488
2 0.14978758169934642 0.7426470588235294 0.05627450980392156 0.12799019607843143