2 0.49019607843137253 0.7352941176470589 0.17429738562091504 0.27776960784313726
2 0.5991339869281046 0.7271323529411765 0.19970588235294118 0.32134803921568633
2 0.29955882352941177 0.42754901960784314 0.22513071895424835 0.08715686274509804
2 0.16702614379084968 0.7461764705882353 0.3231699346405229 0.20151960784313724
2 0.06081699346405228 0.2968382352941176 0.12163398692810456 0.17973039215686273
2 0.26687908496732027 0.32406862745098036 0.10166666666666667 0.09259803921568628
2 0.1779248366013072 0.34585784313725493 0.10893790849673203 0.09803921568627451
2 0.16158496732026145 0.4207598039215686 0.1234640522875817 0.1171078431372549
2 0.08351307189542484 0.49835784313725495 0.11256535947712418 0.07080882352941177
2 0.32679738562091504 0.5541911764705882 0.14524509803921568 0.17700980392156862
2 0.8387745098039217 0.5746078431372549 0.13797385620915031 0.20151960784313724
2 0.9439052287581698 0.697156862745098 0.11220588235294118 0.1906372549019608
2 0.4429901960784314 0.4180392156862745 0.07988562091503268 0.0953186274509804
2 0.6408823529411766 0.5147058823529411 0.2541830065359477 0.1361764705882353
2 0.5628104575163398 0.4330147058823529 0.10529411764705882 0.07080882352941177
2 0.5374019607843137 0.3703676470588236 0.12709150326797386 0.07080882352941177
2 0.7008006535947712 0.4098529411764706 0.23238562091503268 0.1933578431372549
2 0.14978758169934642 0.25735294117647056 0.05627450980392156 0.12799019607843137