3 0.8838071895424836 0.34911764705882353 0.22513071895424833 0.24509803921568626
3 0.566078431372549 0.11193627450980397 0.17429738562091496 0.22384803921568625
2 0.5261437908496732 0.2728676470588235 0.1888235294117646 0.13071078431372546
2 0.3627450980392157 0.31235294117647056 0.08714052287581697 0.24781862745098043
2 0.24563725490196076 0.13372549019607843 0.05627450980392156 0.2674264705882353
2 0.11764705882352941 0.5479411764705883 0.058104575163398696 0.16884803921568625
2 0.3818137254901961 0.4921078431372549 0.13980392156862756 0.07352941176470588
2 0.5597385620915033 0.6568627450980392 0.09259803921568621 0.09803921568627451
2 0.47349673202614373 0.7222303921568628 0.08351307189542485 0.07625000000000004
2 0.22477124183006536 0.5057107843137255 0.11256535947712416 0.09531862745098035
2 0.20660130718954248 0.5492892156862745 0.09803921568627451 0.10075980392156866
2 0.1775653594771242 0.6868137254901961 0.06898692810457521 0.09259803921568621
3 0.6995261437908497 0.36002450980392153 0.1652124183006536 0.15794117647058822
3 0.7431045751633987 0.48801470588235296 0.20879084967320258 0.1361764705882353
2 0.6432516339869281 0.6595833333333334 0.09985294117647062 0.05990196078431386
3 0.3926960784313725 0.7331127450980393 0.20516339869281056 0.17428921568627453