2 0.6760817307692307 0.4230769230769231 0.15985576923076922 0.0673076923076923
2 0.42367788461538464 0.42709134615384614 0.15824519230769227 0.08012019230769227
2 0.37740384615384615 0.5036057692307693 0.04326923076923077 0.09375
2 0.33774038461538464 0.4753605769230769 0.036057692307692304 0.078125
3 0.24519230769230768 0.41165865384615385 0.04807692307692308 0.06129807692307692
2 0.18730769230769231 0.5490865384615384 0.09896634615384613 0.0909615384615384
2 0.09615384615384616 0.7391826923076923 0.11057692307692307 0.05048076923076923
3 0.5096153846153846 0.5474759615384616 0.14423076923076922 0.054086538461538464
2 0.7758413461538461 0.4621394230769231 0.07572115384615384 0.06610576923076923
2 0.8966346153846154 0.4423076923076923 0.10096153846153846 0.052884615384615384
2 0.8900240384615384 0.47055288461538464 0.14543269230769232 0.06850961538461539
2 0.6001707259615384 0.4609164423076923 0.5792999206730769 0.4444444447115385 0.5716106778846154 0.47139862259615384 0.6858508725961538 0.5268044326923077 0.7067216778846154 0.4788858942307692 0.6001707259615384 0.4609164423076923
2 0.5414663461538461 0.43689903846153844 0.06370192307692307 0.06850961538461539
2 0.5102163461538461 0.4987980769230769 0.0829326923076923 0.055288461538461536
2 0.4501201923076923 0.49459134615384615 0.078125 0.04447115384615385
2 0.9623317307692307 0.48377403846153844 0.04326923076923077 0.037259615384615384
3 0.6946823485576924 0.5852051514423077 0.7221439326923077 0.51332734375 0.7012731274038462 0.4863731658653846 0.6957808125 0.514824798076923 0.6452514927884615 0.5088349807692307 0.6421794855769231 0.5492662475961538 0.6946823485576924 0.5852051514423077
1 0.3129086538461538 0.38461538461538464 0.06971153846153846 0.04326923076923077
2 0.3974211778846154 0.4978082716346154 0.3834407331730769 0.5340194399038461 0.35827593509615385 0.4901848677884616 0.3324121153846154 0.5035258245192308 0.31283949278846157 0.47779683653846156 0.30445122836538463 0.49590242067307694 0.3261209158653846 0.5235372596153847 0.4331351971153846 0.5645130552884615 0.4449546850961538 0.5130550793269231 0.3974211778846154 0.4978082716346154
3 0.5096153846153846 0.5835336538461539 0.16346153846153846 0.054086538461538464
2 0.09134615384615384 0.39663461538461536 0.15384615384615385 0.0625
2 0.028846153846153848 0.4567307692307692 0.04326923076923077 0.04807692307692308
3 0.08052884615384616 0.4328846153846154 0.036057692307692304 0.03485576923076923
3 0.08954326923076923 0.46694711538461536 0.03485576923076923 0.042067307692307696
2 0.056490384615384616 0.4567307692307692 0.026442307692307692 0.052884615384615384
2 0.1544471153846154 0.4296875 0.025240384615384616 0.03485576923076923
2 0.19771634615384615 0.41165865384615385 0.05889423076923077 0.051682692307692304
3 0.07391826923076923 0.5913461538461539 0.08052884615384616 0.07211538461538461
3 0.08935096153846155 0.6670673076923077 0.06170673076923077 0.07932692307692307
3 0.013221153846153846 0.6905048076923077 0.026442307692307692 0.042067307692307696
3 0.038461538461538464 0.5522836538461539 0.07692307692307693 0.06370192307692307