2 0.8058894230769231 0.15384615384615385 0.11899038461538461 0.16346153846153846
2 0.9375 0.18810096153846154 0.125 0.14302884615384615
2 0.6051682692307693 0.21394230769230768 0.054086538461538464 0.09615384615384616
2 0.6790865384615384 0.39302884615384615 0.055288461538461536 0.0985576923076923
3 0.75 0.2956730769230769 0.052884615384615384 0.08653846153846154
2 0.23677884615384615 0.40805288461538464 0.08413461538461539 0.140625
2 0.3645913461538462 0.45473557692307687 0.10576923076923077 0.06971153846153846
3 0.27403846153846156 0.4951923076923077 0.09615384615384616 0.0673076923076923
2 0.1045673076923077 0.4230769230769231 0.06009615384615385 0.08173076923076923
2 0.6971153846153846 0.09555288461538461 0.08173076923076923 0.1310096153846154
2 0.03545673076923077 0.4621394230769231 0.06850961538461539 0.1814903846153846