2 0.1953125 0.6586538461538461 0.109375 0.08653846153846154
2 0.11838942307692307 0.5656971153846154 0.11899038461538461 0.07050480769230766
2 0.4074519230769231 0.4717548076923077 0.0985576923076923 0.0733173076923077
2 0.31189903846153844 0.48115384615384615 0.09735576923076923 0.06649038461538467
2 0.19132211538461533 0.48336538461538464 0.12218749999999996 0.0917307692307693
2 0.4417067307692308 0.5797355769230769 0.08774038461538461 0.06331730769230763
2 0.5817307692307693 0.6123798076923077 0.11057692307692307 0.07091346153846154
2 0.5108173076923077 0.5697115384615384 0.06009615384615385 0.08173076923076923
2 0.8233173076923077 0.4951923076923077 0.15625 0.11538461538461539
2 0.9717548076923077 0.5618990384615384 0.051682692307692304 0.06610576923076923
2 0.6171875 0.5132211538461539 0.0733173076923077 0.05048076923076923
2 0.5641105769230769 0.47836538461538464 0.08492788461538457 0.052884615384615384
2 0.5943509615384616 0.5492788461538461 0.051682692307692304 0.05048076923076923
2 0.9801682692307693 0.5126201923076923 0.039663461538461536 0.06370192307692307
2 0.6688701923076923 0.49939903846153844 0.07091346153846154 0.042067307692307696
3 0.025240384615384616 0.5631009615384616 0.05048076923076923 0.08774038461538461