2 0.3239182692307692 0.5769230769230769 0.15985576923076922 0.0673076923076923
2 0.5763221153846154 0.5729086538461539 0.1582451923076924 0.08012019230769227
2 0.6225961538461539 0.4963942307692308 0.04326923076923077 0.09375
2 0.6622596153846154 0.5246394230769231 0.036057692307692304 0.078125
3 0.7548076923076923 0.5883413461538461 0.04807692307692308 0.06129807692307692
2 0.8126923076923076 0.45091346153846157 0.09896634615384606 0.0909615384615384
2 0.9038461538461539 0.2608173076923077 0.11057692307692307 0.05048076923076923
3 0.49038461538461536 0.45252403846153844 0.14423076923076922 0.054086538461538464
2 0.22415865384615385 0.5378605769230769 0.07572115384615384 0.06610576923076923
2 0.10336538461538461 0.5576923076923077 0.10096153846153846 0.052884615384615384
2 0.10997596153846154 0.5294471153846154 0.14543269230769232 0.06850961538461539
2 0.3998292740384616 0.5390835576923076 0.4207000793269231 0.5555555552884616 0.4283893221153846 0.5286013774038462 0.31414912740384615 0.4731955673076923 0.2932783221153846 0.5211141057692308 0.3998292740384616 0.5390835576923076
2 0.45853365384615385 0.5631009615384616 0.06370192307692307 0.06850961538461539
2 0.48978365384615385 0.5012019230769231 0.0829326923076923 0.055288461538461536
2 0.5498798076923077 0.5054086538461539 0.078125 0.04447115384615385
2 0.03766826923076927 0.5162259615384616 0.04326923076923077 0.037259615384615384
3 0.30531765144230766 0.4147948485576923 0.2778560673076923 0.48667265625 0.2987268725961539 0.5136268341346154 0.3042191875 0.48517520192307695 0.35474850721153844 0.4911650192307692 0.3578205144230769 0.45073375240384617 0.30531765144230766 0.4147948485576923
1 0.6870913461538463 0.6153846153846154 0.06971153846153846 0.04326923076923077
2 0.6025788221153846 0.5021917283653846 0.6165592668269231 0.46598056009615385 0.641724064903846 0.5098151322115384 0.6675878846153847 0.4964741754807692 0.6871605072115384 0.5222031634615385 0.6955487716346155 0.504097579326923 0.6738790841346154 0.47646274038461534 0.5668648028846154 0.4354869447115384 0.5550453149038461 0.48694492067307693 0.6025788221153846 0.5021917283653846
3 0.49038461538461536 0.41646634615384615 0.16346153846153846 0.054086538461538464
2 0.9086538461538461 0.6033653846153846 0.15384615384615385 0.0625
2 0.9711538461538461 0.5432692307692307 0.04326923076923077 0.04807692307692308
3 0.9194711538461539 0.5671153846153846 0.036057692307692304 0.03485576923076923
3 0.9104567307692307 0.5330528846153846 0.03485576923076923 0.042067307692307696
2 0.9435096153846154 0.5432692307692307 0.026442307692307692 0.052884615384615384
2 0.8455528846153846 0.5703125 0.025240384615384616 0.03485576923076923
2 0.8022836538461539 0.5883413461538461 0.05889423076923077 0.051682692307692304
3 0.9260817307692307 0.40865384615384615 0.08052884615384616 0.07211538461538461
3 0.9106490384615384 0.3329326923076923 0.061706730769230674 0.07932692307692307
3 0.9867788461538461 0.3094951923076923 0.026442307692307692 0.042067307692307696
3 0.9615384615384616 0.44771634615384615 0.07692307692307693 0.06370192307692307