2 0.5170317259615385 0.7043956057692308 0.5680854423076923 0.6989010985576923 0.53805384375 0.6450549447115385 0.49600960817307693 0.6582417596153847 0.5170317259615385 0.7043956057692308
2 0.32211538461538464 0.5534855769230769 0.16346153846153846 0.051682692307692304
2 0.1786778846153846 0.6488461538461537 0.0625 0.07091346153846154
2 0.26040865384615386 0.7413942307692308 0.07211538461538461 0.08771634615384617
2 0.3581730769230769 0.7854567307692307 0.052884615384615384 0.0829326923076923
2 0.4729567307692308 0.7864663461538461 0.06610576923076923 0.07129807692307685
2 0.5444711538461539 0.7650240384615384 0.055288461538461536 0.07091346153846154
2 0.48237980769230765 0.7399759615384615 0.10896634615384612 0.03766826923076913
2 0.21334134615384615 0.7836538461538461 0.051682692307692304 0.028846153846153848
2 0.8774038461538461 0.16286057692307693 0.0625 0.04447115384615385
3 0.19230769230769232 0.26802884615384615 0.052884615384615384 0.04567307692307692