3 0.505375 0.512859375 0.06815625 0.18118750000000006
2 0.637 0.49725 0.062281250000000024 0.14995312500000005
3 0.857296875 0.702859375 0.15025000000000013 0.13539062499999996
1 0.22551562500000003 0.6120625000000001 0.06146874999999996 0.06710937500000007
1 0.516703125 0.30259375 0.10956250000000001 0.067671875
3 0.402640625 0.302171875 0.1873125 0.20903124999999995
2 0.44971875 0.30140625 0.081828125 0.11375000000000002
3 0.346984375 0.49803125000000004 0.204890625 0.15151562500000004
3 0.403234375 0.475578125 0.083015625 0.10271875000000001
1 0.13468750000000002 0.304921875 0.088921875 0.09734375000000002
3 0.55575 0.7561718749999999 0.07478125000000002 0.05062499999999996
3 0.5573125 0.573984375 0.07478125000000002 0.08079687500000006
3 0.729765625 0.49159375 0.06734375000000004 0.06131250000000001
3 0.77 0.41446875 0.04310937500000005 0.04690624999999997
3 0.874875 0.53571875 0.09478125000000012 0.08237500000000005
3 0.800078125 0.584734375 0.06078125000000014 0.04368750000000006
3 0.22315625 0.462890625 0.06507812499999996 0.065625
2 0.8307343749999999 0.772375 0.13723437499999988 0.07131249999999997