2 0.5819375 0.05643750000000001 0.127546875 0.11287500000000002
2 0.900578125 0.44865625 0.198828125 0.1541875000000001
2 0.500296875 0.369796875 0.24235937500000002 0.19323437499999993
2 0.38468749999999996 0.13470312500000006 0.19234375000000004 0.19465624999999998
2 0.793828125 0.2778125 0.12015624999999996 0.162328125
2 0.79225 0.08021875000000005 0.09545312500000006 0.15128124999999998
2 0.06171875 0.26453125 0.1234375 0.09515624999999997
2 0.10625 0.06953125 0.2125 0.1390625
2 0.274328125 0.12942187500000008 0.15334374999999997 0.193484375
2 0.421390625 0.52246875 0.199796875 0.11443750000000001
2 0.70653125 0.45432812499999997 0.12678124999999998 0.13743750000000005
2 0.8717499999999999 0.600578125 0.17915625000000013 0.13009374999999998
2 0.76121875 0.687859375 0.07992187499999996 0.13912499999999994
2 0.68446875 0.7868437500000001 0.15139062499999997 0.10910937499999988
2 0.9307343749999999 0.84640625 0.10026562500000011 0.10329687499999984
2 0.7996875 0.8313750000000001 0.08499999999999996 0.12945312499999986
2 0.552640625 0.7649687500000001 0.13768750000000002 0.07473437499999988
2 0.32687499999999997 0.6245937500000001 0.18296875000000004 0.12503124999999998
2 0.1423125 0.500203125 0.11067187500000002 0.10426562500000003
2 0.21184375000000003 0.559578125 0.08099999999999996 0.126171875
2 0.03828125 0.4918125 0.0765625 0.10934375000000003
2 0.05625 0.56171875 0.1125 0.0734375
2 0.455765625 0.7985625000000001 0.19079687500000003 0.10131249999999987
2 0.9640625 0.96953125 0.071875 0.0609375
2 0.758484375 0.8870156250000001 0.15568749999999998 0.08456249999999983
2 0.07884375000000002 0.9377812499999999 0.12432812499999998 0.09240625000000016
2 0.156 0.8516718749999999 0.18489062499999998 0.07321874999999985
3 0.19642187500000002 0.7718281250000001 0.381359375 0.21337499999999993
2 0.498734375 0.92665625 0.10487500000000001 0.07951562500000016
2 0.768625 0.9520312499999999 0.31659375 0.09593750000000015
2 0.37609375 0.968546875 0.13142187500000002 0.062890625
2 0.364171875 0.915125 0.12989062499999998 0.07521875000000015
3 0.261453125 0.9470625 0.11459374999999997 0.105859375
2 0.287796875 0.36782812500000006 0.2545 0.12684374999999992
2 0.521203125 0.5062656249999999 0.196671875 0.08826562500000001
2 0.058140625 0.16378125000000007 0.1076875 0.09353125000000002
2 0.583109375 0.94375 0.070515625 0.1