3 0.14504687500000008 0.6470625 0.20492187499999998 0.2324375
2 0.412015625 0.050203124999999994 0.11778124999999999 0.100390625
3 0.47353125 0.43520312499999997 0.20096875 0.16789062500000007
3 0.14660937500000007 0.384 0.17679687499999996 0.17501562499999998
3 0.16262500000000008 0.27856249999999994 0.060406249999999995 0.13603125
3 0.44540625 0.748984375 0.110359375 0.1770468749999999
3 0.359875 0.561125 0.07209374999999998 0.060562499999999984
3 0.8039687499999999 0.283296875 0.2180937499999999 0.22949999999999998
3 0.275703125 0.514265625 0.05609374999999996 0.10740625000000001
3 0.321984375 0.519328125 0.035374999999999976 0.06676562500000002
3 0.56103125 0.5660000000000001 0.06034375000000001 0.07032812499999999