2 0.8058894230769231 0.8461538461538461 0.11899038461538461 0.16346153846153846
2 0.9375 0.8118990384615384 0.125 0.14302884615384615
2 0.6051682692307693 0.7860576923076923 0.054086538461538464 0.09615384615384616
2 0.6790865384615384 0.6069711538461539 0.055288461538461536 0.0985576923076923
3 0.75 0.7043269230769231 0.052884615384615384 0.08653846153846154
2 0.23677884615384615 0.5919471153846154 0.08413461538461539 0.140625
2 0.3645913461538462 0.5452644230769231 0.10576923076923077 0.06971153846153846
3 0.27403846153846156 0.5048076923076923 0.09615384615384616 0.0673076923076923
2 0.1045673076923077 0.5769230769230769 0.06009615384615385 0.08173076923076923
2 0.6971153846153846 0.9044471153846154 0.08173076923076923 0.1310096153846154
2 0.03545673076923077 0.5378605769230769 0.06850961538461539 0.1814903846153846