2 0.5492788461538461 0.21574519230769232 0.15144230769230768 0.21754807692307693
2 0.6935096153846154 0.19290865384615385 0.14182692307692307 0.1814903846153846
3 0.8605769230769231 0.14903846153846154 0.1971153846153846 0.11057692307692307
2 0.5606971153846154 0.4933894230769231 0.08533653846153846 0.056490384615384616
3 0.7191586538461539 0.4769711538461538 0.09536057692307683 0.05728365384615381
3 0.6580528846153846 0.39002403846153844 0.19831730769230768 0.09495192307692307
1 0.33413461538461536 0.47896634615384615 0.11538461538461539 0.046875
2 0.45211538461538464 0.49778846153846157 0.14543269230769232 0.07971153846153853
3 0.9194711538461539 0.2848557692307692 0.15625 0.05048076923076923
1 0.4098557692307692 0.3173076923076923 0.0985576923076923 0.057692307692307696
1 0.41947115384615385 0.3563701923076923 0.0889423076923077 0.03245192307692308
2 0.5288461538461539 0.5366586538461539 0.057692307692307696 0.027644230769230768
3 0.15504807692307693 0.08834134615384616 0.06490384615384616 0.06370192307692307
3 0.5042067307692307 0.4376923076923077 0.0829326923076923 0.03646634615384619