2 0.0889423076923077 0.8118990384615384 0.038461538461538464 0.09254807692307693
2 0.0546875 0.6580528846153846 0.05889423076923077 0.03485576923076923
2 0.24338942307692307 0.6238221153846154 0.16706730769230768 0.3245432692307692
2 0.037259615384615384 0.6045673076923077 0.06490384615384616 0.055288461538461536
2 0.11478365384615384 0.6033653846153846 0.04447115384615385 0.0673076923076923
3 0.8972355769230769 0.5997596153846154 0.051682692307692304 0.11298076923076923
2 0.05108173076923077 0.5396634615384616 0.06610576923076923 0.06490384615384616
3 0.4387019230769231 0.5300480769230769 0.07932692307692307 0.13701923076923078
2 0.30528846153846156 0.4957932692307692 0.09134615384615384 0.26802884615384615
2 0.5588942307692307 0.1875 0.23317307692307693 0.2980769230769231
2 0.8725961538461539 0.08233173076923077 0.125 0.14302884615384615
2 0.5811298076923077 0.4651442307692308 0.12620192307692307 0.11778846153846154
2 0.051682692307692304 0.4753605769230769 0.07451923076923077 0.08774038461538461