3 0.10757211538461539 0.28665865384615385 0.12139423076923077 0.14783653846153846
3 0.030048076923076924 0.2399759615384615 0.06009615384615385 0.10336538461538461
3 0.17908653846153846 0.17247596153846154 0.15144230769230768 0.140625
2 0.2039182692307692 0.0837259615384615 0.1466346153846154 0.04567307692307692
3 0.3798076923076923 0.2205528846153846 0.11057692307692307 0.078125
3 0.44711538461538464 0.0703125 0.10576923076923077 0.1141826923076923
3 0.8725961538461539 0.3401442307692308 0.10096153846153846 0.08413461538461539
3 0.7073317307692307 0.4206730769230769 0.07091346153846154 0.052884615384615384
2 0.8852163461538461 0.12139423076923077 0.051682692307692304 0.07932692307692307
2 0.9657451923076923 0.09134615384615384 0.054086538461538464 0.0625
2 0.9723557692307693 0.36658653846153844 0.055288461538461536 0.04567307692307692
3 0.6340144230769231 0.27163461538461536 0.04447115384615385 0.057692307692307696
2 0.5817307692307693 0.33052884615384615 0.04326923076923077 0.05048076923076923