2 0.4319145576923077 0.6989010985576923 0.48296827403846154 0.7043956057692308 0.5039903918269231 0.6582417596153847 0.46194615625 0.6450549447115385 0.4319145576923077 0.6989010985576923
2 0.6778846153846154 0.5534855769230769 0.16346153846153846 0.051682692307692304
2 0.8213221153846154 0.6488461538461537 0.0625 0.07091346153846154
2 0.7395913461538461 0.7413942307692308 0.07211538461538461 0.08771634615384617
2 0.6418269230769231 0.7854567307692307 0.052884615384615384 0.0829326923076923
2 0.5270432692307693 0.7864663461538461 0.06610576923076923 0.07129807692307685
2 0.45552884615384615 0.7650240384615384 0.055288461538461536 0.07091346153846154
2 0.5176201923076923 0.7399759615384615 0.10896634615384612 0.03766826923076913
2 0.7866586538461539 0.7836538461538461 0.051682692307692304 0.028846153846153848
2 0.12259615384615384 0.16286057692307693 0.0625 0.04447115384615385
3 0.8076923076923077 0.26802884615384615 0.052884615384615384 0.04567307692307692