3 0.14504687500000008 0.3529375 0.20492187499999998 0.2324375
2 0.412015625 0.949796875 0.11778124999999999 0.100390625
3 0.47353125 0.5647968750000001 0.20096875 0.16789062500000007
3 0.14660937500000007 0.616 0.17679687499999996 0.17501562499999998
3 0.16262500000000008 0.7214375000000001 0.060406249999999995 0.1360312499999999
3 0.44540625 0.251015625 0.110359375 0.177046875
3 0.359875 0.438875 0.07209374999999998 0.060562499999999984
3 0.8039687499999999 0.716703125 0.2180937499999999 0.22949999999999998
3 0.275703125 0.485734375 0.05609374999999996 0.10740625000000001
3 0.321984375 0.48067187499999997 0.035374999999999976 0.06676562500000002
3 0.56103125 0.434 0.06034375000000001 0.07032812499999999