3 0.34884615384615386 0.31711538461538463 0.12740384615384615 0.22596153846153846
3 0.5297115384615385 0.17704326923076918 0.18500000000000008 0.17451923076923076
2 0.7192307692307692 0.17081730769230768 0.23096153846153855 0.28057692307692317
2 0.09555288461538461 0.1618509615384615 0.16687500000000005 0.17752403846153844
2 0.05634615384615384 0.4810576923076923 0.101875 0.09264423076923081
2 0.041105769230769286 0.7083894230769231 0.048653846153846145 0.09134615384615384
1 0.1230528846153846 0.6051201923076923 0.09615384615384616 0.11057692307692307
1 0.25728365384615376 0.6214903846153845 0.052884615384615384 0.06490384615384616
2 0.14704326923076927 0.9268990384615384 0.11540865384615383 0.07802884615384624
2 0.640625 0.18269230769230768 0.057692307692307696 0.057692307692307696
2 0.020432692307692308 0.9694951923076923 0.040865384615384616 0.06100961538461537
1 0.36343749999999997 0.8224759615384615 0.05872596153846155 0.051778846153846064
3 0.5647836538461538 0.4195192307692308 0.04807692307692308 0.0557451923076923