0 0.6684134615384616 0.11028846153846153 0.07894230769230777 0.0985576923076923
2 0.7768990384615384 0.5453125 0.0889423076923077 0.10096153846153846
2 0.21302884615384615 0.36447115384615386 0.15384615384615385 0.1778846153846154
3 0.2916826923076922 0.6527163461538461 0.10096153846153846 0.09615384615384616
3 0.21944711538461542 0.5384375 0.038461538461538464 0.04807692307692308
3 0.12408653846153847 0.444375 0.09615384615384616 0.06937500000000003
3 0.06949519230769237 0.5108413461538461 0.1389903846153846 0.09209134615384616
2 0.07209134615384617 0.5570913461538461 0.03365384615384615 0.06009615384615385
1 0.9078124999999999 0.021875000000000054 0.09879807692307697 0.04372596153846153
3 0.9134615384615384 0.2805288461538461 0.17307692307692307 0.2692307692307692
2 0.008413461538461538 0.3627163461538461 0.016826923076923076 0.06009615384615385
2 0.3190625 0.861610576923077 0.03266826923076917 0.03197115384615374
1 0.18858173076923074 0.7999759615384616 0.07692307692307693 0.06786057692307697
3 0.19129807692307688 0.8759615384615385 0.09329326923076924 0.07596153846153851
2 0.2420192307692308 0.9473076923076923 0.09230769230769233 0.07879807692307686