1 0.12170673076923076 0.1910817307692308 0.125 0.09375
0 0.3140625 0.20973557692307693 0.07932692307692307 0.07932692307692307
2 0.3478846153846154 0.5590384615384616 0.08540865384615391 0.07906249999999997
2 0.8114423076923077 0.26997596153846154 0.16346153846153846 0.19230769230769232
3 0.925625 0.3359615384615384 0.10096153846153846 0.09375
3 0.9639423076923077 0.39740384615384616 0.07211538461538461 0.11778846153846154
3 0.8382211538461538 0.44747596153846153 0.04326923076923077 0.055288461538461536
2 0.7829086538461538 0.7787740384615385 0.038461538461538464 0.036057692307692304
1 0.8659855769230769 0.7191346153846153 0.04567307692307692 0.03365384615384615
2 0.958173076923077 0.779110576923077 0.08365384615384605 0.096826923076923
2 0.920264423076923 0.8555769230769231 0.08038461538461525 0.07841346153846154
1 0.8700721153846154 0.8675240384615385 0.04576923076923068 0.0350961538461539
2 0.8607211538461539 0.910841346153846 0.04180288461538458 0.040192307692307756