1 0.09533653846153853 0.6782451923076922 0.10673076923076924 0.11463942307692321
2 0.11012019230769231 0.2363221153846154 0.14838942307692304 0.17752403846153852
3 0.3560336538461539 0.39442307692307693 0.14750000000000002 0.21634615384615385
1 0.2275240384615384 0.6949038461538461 0.06425480769230767 0.05918269230769232
2 0.04447115384615385 0.5637019230769231 0.0889423076923077 0.09375
2 0.11290865384615391 0.9768749999999999 0.0790144230769231 0.046225961538461584
2 0.7035576923076923 0.3010336538461539 0.2332211538461538 0.27367788461538467
3 0.5270192307692307 0.29548076923076927 0.2018509615384616 0.16271634615384614
3 0.28771634615384617 0.9225480769230768 0.05052884615384611 0.0805528846153846
1 0.31497596153846147 0.8816586538461538 0.055480769230769195 0.05081730769230766
2 0.03480769230769235 0.2793028846153846 0.06959134615384616 0.09699519230769237