0 0.6684134615384616 0.8897115384615385 0.07894230769230777 0.0985576923076923
2 0.7768990384615384 0.4546875 0.0889423076923077 0.10096153846153846
2 0.21302884615384615 0.6355288461538462 0.15384615384615385 0.1778846153846154
3 0.2916826923076922 0.34728365384615384 0.10096153846153846 0.09615384615384616
3 0.21944711538461542 0.4615625 0.038461538461538464 0.04807692307692308
3 0.12408653846153847 0.5556249999999999 0.09615384615384616 0.06937500000000003
3 0.06949519230769237 0.48915865384615387 0.1389903846153846 0.09209134615384616
2 0.07209134615384617 0.44290865384615385 0.03365384615384615 0.06009615384615385
1 0.9078124999999999 0.9781249999999999 0.09879807692307697 0.04372596153846167
3 0.9134615384615384 0.7194711538461539 0.17307692307692307 0.2692307692307692
2 0.008413461538461538 0.6372836538461539 0.016826923076923076 0.06009615384615385
2 0.3190625 0.1383894230769231 0.03266826923076917 0.03197115384615384
1 0.18858173076923074 0.20002403846153843 0.07692307692307693 0.0678605769230769
3 0.19129807692307688 0.12403846153846154 0.09329326923076924 0.07596153846153848
2 0.2420192307692308 0.0526923076923077 0.09230769230769233 0.07879807692307693