1 0.9046634615384614 0.6782451923076922 0.10673076923076917 0.11463942307692321
2 0.8898798076923077 0.2363221153846154 0.14838942307692313 0.17752403846153852
3 0.6439663461538461 0.39442307692307693 0.14750000000000002 0.21634615384615385
1 0.7724759615384615 0.6949038461538461 0.06425480769230774 0.05918269230769232
2 0.9543269230769231 0.5637019230769231 0.09134615384615384 0.09375
2 0.8870913461538461 0.9768749999999999 0.0790144230769231 0.046225961538461584
2 0.29644230769230767 0.3010336538461539 0.2332211538461538 0.27367788461538467
3 0.4729807692307692 0.29548076923076927 0.2018509615384616 0.16271634615384614
3 0.7122836538461539 0.9225480769230768 0.05052884615384611 0.0805528846153846
1 0.6850240384615385 0.8816586538461538 0.055480769230769326 0.05081730769230766
2 0.9651923076923077 0.2793028846153846 0.06959134615384627 0.09699519230769237