0 0.33158653846153846 0.8897115384615385 0.0789423076923077 0.0985576923076923
2 0.22310096153846154 0.4546875 0.0889423076923077 0.10096153846153846
2 0.7869711538461538 0.6355288461538462 0.15384615384615385 0.1778846153846154
3 0.7083173076923077 0.34728365384615384 0.10096153846153846 0.09615384615384616
3 0.7805528846153845 0.4615625 0.038461538461538464 0.04807692307692308
3 0.8759134615384615 0.5556249999999999 0.09615384615384616 0.06937499999999999
3 0.9305048076923076 0.48915865384615387 0.13899038461538463 0.09209134615384616
2 0.9279086538461538 0.44290865384615385 0.03365384615384615 0.06009615384615385
1 0.0921875 0.9781249999999999 0.09879807692307693 0.04372596153846154
3 0.08653846153846154 0.7194711538461539 0.17307692307692307 0.2692307692307692
2 0.9915865384615384 0.6372836538461539 0.016826923076923076 0.06009615384615385
2 0.6809375 0.1383894230769231 0.03266826923076923 0.03197115384615385
1 0.8114182692307692 0.20002403846153843 0.07692307692307693 0.06786057692307693
3 0.8087019230769231 0.12403846153846154 0.09329326923076924 0.07596153846153847
2 0.7579807692307692 0.0526923076923077 0.0923076923076923 0.07879807692307693