1 0.8782932692307692 0.8089182692307693 0.125 0.09375
0 0.6859375000000001 0.7902644230769231 0.07932692307692307 0.07932692307692307
2 0.6521153846153845 0.44096153846153846 0.08540865384615379 0.07906249999999997
2 0.18855769230769232 0.7300240384615384 0.16346153846153846 0.19230769230769232
3 0.074375 0.6640384615384616 0.10096153846153846 0.09375
3 0.036057692307692304 0.6025961538461538 0.07211538461538461 0.11778846153846154
3 0.1617788461538462 0.5525240384615384 0.04326923076923077 0.055288461538461536
2 0.21709134615384615 0.22122596153846155 0.038461538461538464 0.036057692307692304
1 0.13401442307692307 0.28086538461538463 0.04567307692307692 0.03365384615384615
2 0.040865384615384616 0.21995192307692307 0.08173076923076923 0.0985576923076923
2 0.07973557692307696 0.14442307692307693 0.08038461538461537 0.07841346153846154
1 0.12992788461538465 0.13247596153846153 0.04576923076923075 0.03509615384615383
2 0.13927884615384614 0.08915865384615386 0.04180288461538458 0.04019230769230769