2 0.263390625 0.8939999999999999 0.09007812499999997 0.1716093749999999
2 0.520984375 0.923046875 0.109171875 0.15390625
2 0.3875 0.94921875 0.075 0.1015625
2 0.6989062500000001 0.925 0.07828125000000004 0.15
2 0.774875 0.952140625 0.054437499999999875 0.09571874999999999
2 0.841671875 0.926953125 0.05521874999999987 0.14609375
2 0.679578125 0.773140625 0.08570312500000003 0.13846875
2 0.591890625 0.8299687499999999 0.088875 0.11228124999999985
2 0.562203125 0.605421875 0.08574999999999999 0.1397500000000001
2 0.487796875 0.72375 0.10565625000000001 0.13421874999999997
2 0.412984375 0.6973906249999999 0.125203125 0.10884374999999995
2 0.300109375 0.6075625 0.08537499999999998 0.16356249999999992
2 0.259296875 0.45721875 0.07015624999999996 0.1675625
2 0.238 0.2553125 0.10335937499999996 0.22154687500000003
2 0.2739375 0.221921875 0.07210937499999996 0.232125
2 0.29503124999999997 0.09325 0.07678124999999998 0.1865
2 0.31124999999999997 0.035671875 0.04435937499999998 0.071328125
2 0.36065625 0.10078125 0.07365624999999998 0.2015625
2 0.41221874999999997 0.075390625 0.051765624999999996 0.15078125
2 0.4430625 0.032421875 0.04317187499999999 0.06484375
2 0.485453125 0.098953125 0.077140625 0.11535937500000001
2 0.498328125 0.27132812500000003 0.101359375 0.20203125000000002
2 0.37315624999999997 0.3285625 0.083015625 0.06257812500000001
2 0.379984375 0.38870312500000004 0.14121875 0.08596874999999997
2 0.474515625 0.50621875 0.08534375000000001 0.23820312500000007
2 0.508296875 0.579453125 0.08417187500000001 0.10734375000000007
2 0.32959375 0.8147343749999999 0.14826562499999998 0.10526562500000018
0 0.78659375 0.77334375 0.06585937500000014 0.11621875
2 0.409484375 0.588078125 0.07598437499999999 0.137890625
1 0.41085937499999997 0.4876875 0.09548437500000002 0.15659375000000003