2 0.263390625 0.10600000000000005 0.09007812499999997 0.17160937499999998
2 0.520984375 0.076953125 0.109171875 0.15390625
2 0.3875 0.05 0.075 0.1
2 0.6989062500000001 0.075 0.07828125000000004 0.15
2 0.77421875 0.04765625 0.0546875 0.0953125
2 0.841671875 0.073046875 0.05521874999999987 0.14609375
2 0.679578125 0.226859375 0.08570312500000003 0.13846875
2 0.591890625 0.17003125000000008 0.088875 0.11228125000000003
2 0.562203125 0.39457812499999995 0.08574999999999999 0.1397500000000001
2 0.487796875 0.27625 0.10565625000000001 0.13421874999999997
2 0.412984375 0.302609375 0.125203125 0.10884374999999995
2 0.300109375 0.39243750000000005 0.08537499999999998 0.16356249999999992
2 0.259296875 0.54278125 0.07015624999999996 0.1675625
2 0.238 0.7446875000000001 0.10335937499999996 0.22154687499999995
2 0.2739375 0.7780781250000001 0.07210937499999996 0.23212499999999991
2 0.29503124999999997 0.9067500000000001 0.07678124999999998 0.18649999999999983
2 0.31124999999999997 0.964328125 0.04435937499999998 0.07132812500000014
2 0.36065625 0.89921875 0.07365624999999998 0.2015625
2 0.41221874999999997 0.924609375 0.051765624999999996 0.15078125
2 0.4430625 0.967578125 0.04317187499999999 0.06484375
2 0.485453125 0.9010468749999999 0.077140625 0.11535937499999989
2 0.498328125 0.7286718750000001 0.101359375 0.20203124999999994
2 0.37315624999999997 0.6714375 0.083015625 0.06257812499999993
2 0.379984375 0.6112968750000001 0.14121875 0.08596874999999997
2 0.474515625 0.49378124999999995 0.08534375000000001 0.23820312500000007
2 0.508296875 0.420546875 0.08417187500000001 0.10734375000000007
2 0.32959375 0.18526562500000007 0.14826562499999998 0.105265625
0 0.78659375 0.22665625 0.06585937500000014 0.11621875
2 0.409484375 0.411921875 0.07598437499999999 0.137890625
1 0.41085937499999997 0.5123125 0.09548437500000002 0.15659375000000003