1 0.14543750000000005 0.35025000000000006 0.08332812499999998 0.12292187499999993
3 0.09681250000000005 0.43206249999999996 0.073296875 0.06478125000000005
3 0.7215625 0.327625 0.17982812500000006 0.22132812499999996
3 0.15851562500000008 0.54434375 0.14984374999999997 0.11756250000000001
3 0.66921875 0.48109375 0.15953125000000004 0.21281250000000007
3 0.46104687499999997 0.36587500000000006 0.12400000000000003 0.13856249999999992
3 0.4739375 0.70034375 0.10604687500000001 0.11414062499999993
3 0.261046875 0.880921875 0.25725 0.1962187499999999
3 0.8246874999999999 0.56346875 0.060796875000000125 0.08712499999999998
1 0.913734375 0.557609375 0.051437500000000115 0.07228124999999999
3 0.94453125 0.12734375 0.1109375 0.2546875
3 0.7633593750000001 0.662859375 0.08187499999999996 0.04851562499999993
3 0.582515625 0.37681250000000005 0.09548437500000002 0.14793749999999992
3 0.41417187499999997 0.45764062499999997 0.047859374999999996 0.11907812500000006
3 0.532515625 0.5248125 0.07362500000000001 0.10975000000000001