3 0.8973281249999999 0.5589062499999999 0.11340624999999989 0.38267187499999994
3 0.7676406250000001 0.85859375 0.19467187500000005 0.2828125
3 0.719421875 0.43559374999999995 0.15568749999999998 0.1764687500000001
3 0.13703125 0.853 0.124859375 0.16615624999999987
3 0.507125 0.74565625 0.09979687500000001 0.10637500000000007
3 0.53915625 0.23228125 0.14548437500000003 0.1645625
3 0.6305468750000001 0.8170781249999999 0.10017187500000002 0.17242187499999986
3 0.90221875 0.78665625 0.08696875000000012 0.10715625000000006
3 0.36593749999999997 0.698203125 0.10485937500000002 0.13953124999999994
3 0.260078125 0.55525 0.07437500000000004 0.09017187500000005
3 0.086265625 0.7364531249999999 0.0985625 0.049453124999999966