1 0.8545624999999999 0.35025000000000006 0.08332812499999989 0.12292187499999993
3 0.9031874999999999 0.43206249999999996 0.07329687500000012 0.06478125000000005
3 0.2784375 0.327625 0.17982812500000006 0.22132812499999996
3 0.841484375 0.54434375 0.14984375000000014 0.11756250000000001
3 0.33078124999999997 0.48109375 0.15953125000000004 0.21281250000000007
3 0.538953125 0.36587500000000006 0.12400000000000003 0.13856249999999992
3 0.5260625 0.70034375 0.10604687500000001 0.11414062499999993
3 0.738953125 0.880921875 0.25725 0.1962187499999999
3 0.1753125 0.56346875 0.06079687499999999 0.08712499999999998
1 0.086265625 0.557609375 0.051437500000000004 0.07228124999999999
3 0.0546875 0.12734375 0.109375 0.2546875
3 0.236640625 0.662859375 0.08187499999999996 0.04851562499999993
3 0.417484375 0.37681250000000005 0.09548437500000002 0.14793749999999992
3 0.585828125 0.45764062499999997 0.047859374999999996 0.11907812500000006
3 0.467484375 0.5248125 0.07362500000000001 0.10975000000000001