2 0.5427644230769231 0.5458413461538462 0.0851442307692308 0.1894230769230768
2 0.8714663461538461 0.7488942307692308 0.055432692307692176 0.22216346153846145
2 0.5892307692307692 0.8213942307692308 0.11997596153846146 0.17326923076923087
3 0.43620192307692307 0.6966346153846155 0.05430288461538456 0.1344711538461537
2 0.27915865384615385 0.5870913461538462 0.0927884615384616 0.1197115384615385
3 0.5948557692307693 0.9443990384615385 0.09314903846153846 0.11120192307692306
3 0.49709134615384615 0.8622596153846154 0.1119711538461538 0.21326923076923082
3 0.2659375 0.9303605769230768 0.05831730769230767 0.1091105769230769
3 0.14836538461538462 0.43069711538461536 0.07557692307692307 0.09937499999999994
3 0.16459134615384616 0.6702163461538462 0.05913461538461537 0.05276442307692319
3 0.14495192307692306 0.7609375 0.04072115384615384 0.08276442307692296
3 0.14276442307692308 0.5852884615384615 0.04834134615384612 0.06564903846153847