2 0.15276442307692312 0.4957932692307692 0.14927884615384615 0.07408653846153844
1 0.07906249999999997 0.41288461538461535 0.09802884615384616 0.055624999999999966
2 0.1992307692307692 0.2961298076923077 0.16209134615384618 0.09144230769230774
2 0.13014423076923073 0.32598557692307695 0.06824519230769227 0.10925480769230766
2 0.7274278846153847 0.40384615384615385 0.15680288461538466 0.10658653846153854
2 0.7232451923076924 0.30254807692307695 0.1488701923076922 0.065576923076923
2 0.4991105769230769 0.1197115384615385 0.07550480769230775 0.09711538461538463
2 0.5299519230769231 0.3568269230769231 0.10197115384615388 0.07161057692307697
2 0.22567307692307692 0.42932692307692305 0.1188221153846154 0.1109134615384615
2 0.4604326923076923 0.5388701923076923 0.15564903846153846 0.12819711538461534
2 0.2673317307692307 0.6814423076923077 0.09959134615384617 0.04495192307692319
2 0.45204326923076926 0.7629567307692308 0.12557692307692309 0.10870192307692314
2 0.3643028846153846 0.7291105769230769 0.0686778846153846 0.09225961538461537
2 0.7735096153846153 0.7913942307692309 0.13194711538461534 0.09187500000000007
1 0.6937980769230769 0.8642788461538462 0.08675480769230777 0.05829326923076923
2 0.6645432692307692 0.6412019230769231 0.12120192307692298 0.17591346153846169
2 0.5960576923076923 0.6099519230769231 0.08995192307692311 0.1102163461538462
2 0.5241346153846154 0.4311298076923077 0.07752403846153846 0.0952884615384615
2 0.8760576923076923 0.5422596153846154 0.14156249999999998 0.109375
2 0.943701923076923 0.47855769230769235 0.11257211538461548 0.13980769230769236
2 0.9567307692307693 0.5903365384615386 0.08653846153846154 0.0901682692307692
2 0.8520432692307692 0.6297836538461539 0.13086538461538447 0.1146153846153845
2 0.8057692307692308 0.7285096153846153 0.12805288461538458 0.06540865384615394
2 0.963798076923077 0.8494711538461538 0.06862980769230759 0.1119471153846155
2 0.2691586538461539 0.22283653846153845 0.15079326923076927 0.09516826923076924
2 0.4860817307692308 0.8801201923076923 0.05266826923076929 0.08033653846153836
2 0.5549759615384615 0.8538701923076922 0.06230769230769235 0.0630769230769231
2 0.45242788461538463 0.4201201923076923 0.0943269230769231 0.1117067307692307
2 0.3092067307692308 0.41891826923076925 0.07067307692307687 0.09968749999999993
2 0.32245192307692305 0.3249519230769231 0.1964663461538462 0.07218749999999993
2 0.6305048076923077 0.47639423076923076 0.037067307692307594 0.12495192307692313
2 0.424375 0.6267788461538462 0.09956730769230773 0.060552884615384744
2 0.9677403846153846 0.7052884615384615 0.0644951923076924 0.07983173076923086
2 0.6595432692307692 0.7771875 0.08110576923076926 0.07625000000000007
2 0.5309375000000001 0.7789903846153846 0.07230769230769227 0.07665865384615381
2 0.39875 0.042067307692307696 0.04829326923076917 0.08413461538461539
2 0.6972115384615385 0.49800480769230765 0.051923076923076975 0.0977163461538461
2 0.345048076923077 0.6427884615384615 0.10437500000000004 0.05158653846153855
2 0.7871394230769231 0.6497836538461539 0.10790865384615381 0.10165865384615376
3 0.5894471153846155 0.41591346153846154 0.060697115384615384 0.09367788461538454
2 0.24651442307692312 0.6019230769230769 0.07716346153846153 0.10769230769230773