2 0.5427644230769231 0.45415865384615384 0.0851442307692308 0.18942307692307694
2 0.8714663461538461 0.25110576923076916 0.055432692307692176 0.2221634615384616
2 0.5892307692307692 0.17860576923076926 0.11997596153846146 0.17326923076923073
3 0.43620192307692307 0.3033653846153846 0.05430288461538456 0.13447115384615385
2 0.27915865384615385 0.4129086538461539 0.0927884615384616 0.1197115384615385
3 0.59375 0.055288461538461536 0.09134615384615384 0.11057692307692307
3 0.49709134615384615 0.13774038461538465 0.1119711538461538 0.21326923076923077
3 0.2659375 0.06963942307692314 0.05831730769230767 0.10911057692307692
3 0.14836538461538462 0.5693028846153847 0.07557692307692307 0.09937499999999994
3 0.16459134615384616 0.3297836538461538 0.05913461538461537 0.05276442307692305
3 0.14495192307692306 0.23906249999999998 0.04072115384615384 0.0827644230769231
3 0.14276442307692308 0.41471153846153846 0.04834134615384612 0.06564903846153847