2 0.8472355769230769 0.5042067307692307 0.1492788461538462 0.07408653846153844
1 0.9209375000000001 0.5871153846153846 0.09802884615384609 0.055624999999999966
2 0.8007692307692308 0.7038701923076923 0.1620913461538463 0.0914423076923076
2 0.8698557692307692 0.674014423076923 0.06824519230769227 0.1092548076923078
2 0.2725721153846154 0.5961538461538461 0.15680288461538458 0.10658653846153854
2 0.2767548076923077 0.697451923076923 0.14887019230769233 0.065576923076923
2 0.5008894230769231 0.8802884615384615 0.07550480769230775 0.09711538461538456
2 0.47004807692307693 0.6431730769230769 0.10197115384615388 0.07161057692307683
2 0.7743269230769231 0.570673076923077 0.11882211538461526 0.1109134615384615
2 0.5395673076923078 0.4611298076923077 0.15564903846153846 0.12819711538461534
2 0.7326682692307693 0.3185576923076923 0.09959134615384603 0.04495192307692305
2 0.5479567307692308 0.23704326923076924 0.12557692307692309 0.10870192307692307
2 0.6356971153846154 0.2708894230769231 0.06867788461538474 0.09225961538461537
2 0.22649038461538462 0.20860576923076923 0.13194711538461534 0.091875
1 0.30620192307692307 0.13572115384615385 0.08675480769230777 0.05829326923076923
2 0.33545673076923077 0.3587980769230769 0.12120192307692311 0.17591346153846155
2 0.40394230769230766 0.3900480769230769 0.08995192307692311 0.1102163461538462
2 0.47586538461538463 0.5688701923076924 0.07752403846153846 0.0952884615384615
2 0.1239423076923077 0.4577403846153846 0.14156249999999998 0.109375
2 0.05629807692307693 0.5214423076923077 0.11257211538461538 0.13980769230769236
2 0.04326923076923077 0.4096634615384615 0.08653846153846154 0.0901682692307692
2 0.14795673076923077 0.37021634615384613 0.1308653846153846 0.11461538461538463
2 0.19423076923076923 0.2714903846153846 0.12805288461538464 0.06540865384615387
2 0.036201923076923076 0.15052884615384615 0.0686298076923077 0.11194711538461541
2 0.7308413461538461 0.7771634615384616 0.15079326923076927 0.0951682692307693
2 0.5139182692307692 0.11987980769230769 0.05266826923076929 0.08033653846153846
2 0.44502403846153843 0.14612980769230768 0.06230769230769235 0.06307692307692306
2 0.5475721153846154 0.5798798076923076 0.0943269230769231 0.1117067307692307
2 0.6907932692307692 0.5810817307692308 0.07067307692307687 0.09968749999999993
2 0.677548076923077 0.6750480769230769 0.1964663461538462 0.07218749999999993
2 0.36949519230769234 0.5236057692307692 0.03706730769230773 0.12495192307692313
2 0.575625 0.37322115384615384 0.09956730769230773 0.06055288461538461
2 0.03225961538461539 0.29471153846153847 0.06449519230769231 0.07983173076923072
2 0.3404567307692308 0.2228125 0.08110576923076926 0.07625
2 0.4690625 0.2210096153846154 0.07230769230769227 0.07665865384615381
2 0.6012500000000001 0.9579326923076923 0.048293269230769306 0.08413461538461539
2 0.3027884615384615 0.5019951923076923 0.05192307692307691 0.0977163461538461
2 0.6549519230769231 0.35721153846153847 0.1043749999999999 0.05158653846153841
2 0.21286057692307692 0.35021634615384617 0.10790865384615388 0.1016586538461539
3 0.4105528846153846 0.5840865384615385 0.060697115384615384 0.09367788461538454
2 0.7534855769230769 0.39807692307692305 0.0771634615384616 0.10769230769230773