2 0.33353125 0.7764375 0.25562499999999994 0.35678125000000005
2 0.4015625 0.9140625 0.134375 0.171875
2 0.20656249999999998 0.96015625 0.06078124999999997 0.0796875
2 0.1499375 0.8073124999999999 0.1584375 0.09825000000000017
2 0.174125 0.65559375 0.20687499999999998 0.14243749999999994
2 0.63153125 0.524 0.17365624999999998 0.13706250000000003
2 0.91621875 0.39121875 0.1675625 0.09962499999999999
2 0.90984375 0.242875 0.13034375000000012 0.2220625
2 0.88203125 0.06984375000000001 0.2359375 0.12715625
2 0.35012499999999996 0.1229375 0.11071875000000002 0.17400000000000002
2 0.42062499999999997 0.23971874999999998 0.13609375000000004 0.11534375
2 0.5555625 0.12253125000000001 0.0751875 0.14665625
2 0.6155 0.10009375000000001 0.08962500000000002 0.16034375
2 0.33625 0.2905 0.11421875000000004 0.12993750000000004
2 0.09590625 0.4613125 0.19178125 0.109375
2 0.20793750000000003 0.5622812500000001 0.14553124999999997 0.13546875000000008
2 0.32159375 0.51715625 0.07131249999999997 0.18821875000000005
2 0.395625 0.5298437500000001 0.11699999999999999 0.20968750000000008
2 0.47315625 0.4091875 0.1443125 0.14181249999999998
2 0.51825 0.30843750000000003 0.1283125 0.11218750000000002
2 0.23390624999999998 0.33381249999999996 0.15012499999999998 0.07703125000000002
3 0.03046875 0.16940625 0.0609375 0.06853124999999997
3 0.54209375 0.67278125 0.15096875 0.11431249999999996
3 0.0546875 0.9453125 0.109375 0.109375
2 0.7555625 0.22974999999999998 0.13109374999999995 0.13528124999999996
2 0.68271875 0.3793125 0.16662499999999997 0.2265625
2 0.49328125 0.50584375 0.11581250000000001 0.18275000000000005
2 0.708875 0.14521875 0.12209374999999997 0.10446875000000003
3 0.7225312500000001 0.05771875 0.07131249999999997 0.07953125000000001