2 0.33353125 0.22356249999999997 0.25562499999999994 0.35678125000000005
2 0.4015625 0.084375 0.134375 0.16875
2 0.20656249999999998 0.03984375 0.06078124999999997 0.0796875
2 0.1499375 0.19268750000000007 0.1584375 0.09824999999999999
2 0.174125 0.34440625 0.20687499999999998 0.14243749999999994
2 0.63153125 0.476 0.17365624999999998 0.13706250000000003
2 0.91621875 0.60878125 0.1675625 0.09962499999999999
2 0.90984375 0.757125 0.13034375000000012 0.2220625
2 0.88203125 0.9301562499999999 0.2359375 0.12715625000000016
2 0.35012499999999996 0.8770624999999999 0.11071875000000002 0.17399999999999985
2 0.42062499999999997 0.76028125 0.13609375000000004 0.1153437499999999
2 0.5555625 0.87746875 0.0751875 0.14665624999999985
2 0.6155 0.8999062500000001 0.08962500000000002 0.16034374999999984
2 0.33625 0.7095 0.11421875000000004 0.12993749999999996
2 0.09590625 0.5386875 0.19178125 0.109375
2 0.20793750000000003 0.43771875 0.14553124999999997 0.13546875000000008
2 0.32159375 0.48284374999999996 0.07131249999999997 0.18821875000000005
2 0.395625 0.47015624999999994 0.11699999999999999 0.20968750000000008
2 0.47315625 0.5908125 0.1443125 0.14181249999999998
2 0.51825 0.6915625000000001 0.1283125 0.11218749999999993
2 0.23390624999999998 0.6661875 0.15012499999999998 0.07703124999999993
3 0.03046875 0.83059375 0.0609375 0.06853124999999985
3 0.54209375 0.32721875 0.15096875 0.11431249999999996
3 0.0546875 0.053125 0.109375 0.10625
2 0.7555625 0.7702500000000001 0.13109374999999995 0.13528124999999988
2 0.68271875 0.6206875000000001 0.16662499999999997 0.2265625
2 0.49328125 0.49415624999999996 0.11581250000000001 0.18275000000000005
2 0.708875 0.8547812499999999 0.12209374999999997 0.10446874999999985
3 0.7225312500000001 0.94228125 0.07131249999999997 0.07953125000000014