2 0.8233173076923077 0.4074519230769231 0.22355769230769232 0.14182692307692307
2 0.5829326923076923 0.3173076923076923 0.19951923076923078 0.07211538461538461
2 0.15745192307692307 0.21033653846153846 0.06009615384615385 0.15625
2 0.38221153846153844 0.1778846153846154 0.2403846153846154 0.10576923076923077
1 0.9435096153846154 0.12139423076923077 0.10817307692307693 0.13221153846153846
2 0.3762019230769231 0.10576923076923077 0.07451923076923077 0.125
2 0.5961538461538461 0.10216346153846154 0.18269230769230768 0.0985576923076923
2 0.6567548076923077 0.1924038461538462 0.22978365384615393 0.12399038461538457
2 0.27896634615384613 0.06911057692307693 0.12795673076923075 0.13822115384615385
2 0.08908653846153847 0.3584134615384616 0.123125 0.06841346153846149
2 0.07504807692307693 0.43012019230769233 0.11324519230769231 0.06125000000000004
2 0.21747596153846155 0.32076923076923075 0.06264423076923077 0.06358173076923074
2 0.22788461538461538 0.3864663461538462 0.05783653846153847 0.060408653846153834