3 0.475109375 0.29540625 0.152140625 0.213109375
2 0.65184375 0.09428125000000005 0.07443749999999998 0.154421875
1 0.39718749999999997 0.61540625 0.08376562500000002 0.04731249999999996
2 0.8045625 0.14250000000000007 0.11381249999999987 0.14779687500000005
1 0.13040625000000006 0.28190625 0.062359374999999995 0.06431249999999995
2 0.6291875 0.234265625 0.08848437499999999 0.05023437499999996
3 0.793046875 0.606234375 0.08499999999999996 0.07581249999999998
3 0.551265625 0.44221875 0.076375 0.06010937500000004
3 0.4739375 0.42209375 0.07479687500000001 0.05735937500000006
1 0.8115937499999999 0.781171875 0.059609375000000145 0.03842187500000005
3 0.3944375 0.80890625 0.03454687500000002 0.06890624999999986
3 0.12884375000000006 0.8290156249999999 0.08137499999999998 0.056031249999999845
3 0.20168749999999996 0.7805937500000001 0.06146875000000005 0.05912499999999987
3 0.6813281250000001 0.80109375 0.03967187499999998 0.053281249999999857
3 0.34815625 0.2528125 0.07632812500000004 0.08734374999999997
0 0.30734374999999997 0.16631250000000009 0.09156250000000003 0.07675000000000001
2 0.18645312500000005 0.268046875 0.08100000000000004 0.05220312499999995
3 0.018359375 0.493375 0.03671875 0.07496875000000003
3 0.00859375 0.404734375 0.0171875 0.08820312500000008
3 0.05170312500000005 0.6798437500000001 0.036453124999999996 0.04189062499999992
2 0.276875 0.6587500000000001 0.04312500000000004 0.05281249999999993
3 0.51396875 0.7430937500000001 0.029875000000000006 0.040359375000000065
3 0.9768125 0.576359375 0.04635937500000011 0.08478124999999999
3 0.379203125 0.321734375 0.03654687499999998 0.06276562500000002
3 0.8543593749999999 0.45665625 0.03267187500000013 0.03903125000000003
3 0.366328125 0.5185625 0.04392187500000002 0.059765625
3 0.57684375 0.6775 0.05254687499999999 0.06218749999999993
3 0.479390625 0.7196718750000001 0.061125000000000006 0.05596875000000008
1 0.287234375 0.7938750000000001 0.041953125000000036 0.04820312499999986
3 0.570203125 0.16435937500000009 0.06696875000000002 0.07284375000000001
2 0.17375000000000007 0.32973437499999997 0.06314062499999995 0.03504687500000001
1 0.7438281250000001 0.251453125 0.05093750000000004 0.06273437499999997
3 0.894015625 0.471890625 0.034890624999999884 0.04762500000000003
3 0.53621875 0.8502968750000001 0.05057812500000001 0.04237499999999983
3 0.946875 0.73671875 0.10625 0.0953125
3 0.9375625 0.35220312500000006 0.06340624999999989 0.07996875
3 0.8737031249999999 0.2809375 0.05676562499999989 0.06235937499999995
3 0.7379687500000001 0.36665625 0.06265625000000004 0.0745156249999999
3 0.11673437500000006 0.47228125 0.105328125 0.10151562500000004
3 0.08879687500000007 0.608375 0.12368749999999999 0.06762499999999996
3 0.645984375 0.62671875 0.06540625000000003 0.05121874999999996
1 0.480375 0.56659375 0.043546875000000006 0.04964062499999997
3 0.6305468750000001 0.522078125 0.05876562500000002 0.044921875
3 0.976375 0.14640625000000007 0.047250000000000014 0.10875000000000004
2 0.9401093749999999 0.24868750000000003 0.11978125000000013 0.0958125