2 0.5949519230769231 0.1502403846153846 0.23317307692307693 0.11057692307692307
2 0.7584134615384616 0.33774038461538464 0.09375 0.10817307692307693
2 0.4423076923076923 0.39903846153846156 0.3798076923076923 0.18509615384615385
2 0.18028846153846154 0.46274038461538464 0.19230769230769232 0.13221153846153846
3 0.3233173076923077 0.5216346153846154 0.10096153846153846 0.055288461538461536
2 0.6798798076923078 0.5364423076923077 0.15625 0.1169711538461539
2 0.8774038461538461 0.054086538461538464 0.2091346153846154 0.07211538461538461
2 0.5072115384615384 0.5480769230769231 0.12740384615384615 0.08653846153846154
2 0.3713942307692308 0.5600961538461539 0.11778846153846154 0.10576923076923077
2 0.5949519230769231 0.5997596153846154 0.09615384615384616 0.10096153846153846
2 0.8786057692307693 0.6334134615384616 0.12259615384615384 0.17307692307692307
2 0.1502403846153846 0.6646634615384616 0.1201923076923077 0.18028846153846154
2 0.546875 0.7992788461538461 0.3293269230769231 0.1201923076923077