2 0.5120192307692307 0.6610576923076923 0.11538461538461539 0.057692307692307696
2 0.5228365384615384 0.5024038461538461 0.07932692307692307 0.057692307692307696
3 0.6995192307692307 0.47596153846153844 0.09375 0.04807692307692308
1 0.3942307692307692 0.4651442307692308 0.06971153846153846 0.07211538461538461
2 0.20391826923076922 0.4206730769230769 0.06009615384615385 0.08653846153846154
3 0.9375 0.38221153846153844 0.1201923076923077 0.07211538461538461
3 0.7331730769230769 0.078125 0.06009615384615385 0.057692307692307696
3 0.8088942307692307 0.0733173076923077 0.09134615384615384 0.11057692307692307
1 0.3902163461538462 0.06850961538461539 0.06971153846153846 0.0673076923076923
3 0.9723557692307693 0.8040865384615384 0.03365384615384615 0.052884615384615384
2 0.3401442307692308 0.7860576923076923 0.06490384615384616 0.04807692307692308
2 0.6646634615384616 0.7740384615384616 0.11538461538461539 0.06009615384615385