3 0.1971153846153846 0.38100961538461536 0.09134615384615384 0.040865384615384616
3 0.15144230769230768 0.41466346153846156 0.07932692307692307 0.05048076923076923
3 0.5697115384615384 0.4807692307692308 0.4807692307692308 0.21634615384615385
3 0.8245192307692307 0.5985576923076923 0.11298076923076923 0.125
3 0.0677163461538462 0.054903846153846164 0.09055288461538462 0.052884615384615384
3 0.06129807692307692 0.640625 0.11778846153846154 0.055288461538461536
3 0.14423076923076922 0.6454326923076923 0.11298076923076923 0.06009615384615385
3 0.17468750000000005 0.6963221153846154 0.05367788461538458 0.06331730769230777
3 0.056490384615384616 0.8353365384615384 0.10817307692307693 0.18509615384615385
3 0.5408653846153846 0.8365384615384616 0.47115384615384615 0.32211538461538464
3 0.2403846153846154 0.8822115384615384 0.10576923076923077 0.12259615384615384
3 0.037259615384615384 0.9639423076923077 0.06971153846153846 0.0625
3 0.07692307692307693 0.15384615384615385 0.0673076923076923 0.0625