1 0.8193028846153846 0.732764423076923 0.061706730769230674 0.05209134615384606
3 0.20593750000000005 0.6850961538461539 0.22757211538461541 0.1089903846153847
3 0.5869471153846153 0.6518509615384614 0.0705288461538461 0.047283653846153746
3 0.7083413461538461 0.6506249999999999 0.07853365384615375 0.04408653846153854
2 0.6129807692307693 0.6173798076923078 0.07211538461538461 0.05127403846153856
3 0.9142548076923076 0.5993509615384616 0.07853365384615375 0.06891826923076927
3 0.8093028846153847 0.5064182692307692 0.11459134615384606 0.07372596153846157
3 0.546875 0.42427884615384615 0.09375 0.06490384615384616
2 0.47596153846153844 0.40024038461538464 0.08653846153846154 0.055288461538461536
3 0.1346153846153846 0.9254807692307693 0.057692307692307696 0.04807692307692308
3 0.6983173076923077 0.22716346153846154 0.5216346153846154 0.17307692307692307
1 0.9026442307692307 0.0733173076923077 0.09134615384615384 0.055288461538461536
3 0.826514423076923 0.03125 0.09694711538461548 0.057692307692307696
3 0.7956730769230769 0.8918269230769231 0.07692307692307693 0.04807692307692308
3 0.8966346153846154 0.8569711538461539 0.0673076923076923 0.04326923076923077
3 0.3088942307692308 0.8269230769230769 0.08413461538461539 0.04326923076923077
3 0.6242067307692307 0.8112980769230769 0.07211538461538461 0.05048076923076923
1 0.7632211538461539 0.796875 0.057692307692307696 0.036057692307692304