3 0.8701923076923077 0.7680288461538461 0.0625 0.052884615384615384
3 0.29086538461538464 0.7684134615384615 0.0673076923076923 0.05449519230769221
2 0.24680288461538463 0.5933413461538463 0.2652163461538462 0.15144230769230768
2 0.6113701923076923 0.46153846153846156 0.1770913461538462 0.04807692307692308
3 0.5721153846153846 0.4026442307692308 0.0985576923076923 0.055288461538461536
3 0.7487980769230769 0.3858173076923077 0.07451923076923077 0.05048076923076923
3 0.4014423076923077 0.23317307692307693 0.29086538461538464 0.1466346153846154
2 0.2800480769230769 0.9174759615384616 0.06091346153846148 0.044879807692307594
2 0.15704326923076922 0.09495192307692307 0.13862980769230765 0.0625
2 0.6105769230769231 0.9050480769230769 0.08173076923076923 0.06490384615384616
2 0.6790865384615384 0.9026442307692307 0.0673076923076923 0.0673076923076923
2 0.6021634615384616 0.9831730769230769 0.09375 0.03365384615384615