3 0.40024038461538464 0.734375 0.08173076923076923 0.07211538461538461
3 0.35096153846153844 0.6826923076923077 0.06971153846153846 0.06009615384615385
3 0.33653846153846156 0.6165865384615384 0.06490384615384616 0.07451923076923077
2 0.2608173076923077 0.6141826923076923 0.125 0.09375
3 0.3942307692307692 0.5745192307692307 0.06009615384615385 0.06490384615384616
3 0.3389423076923077 0.5661057692307693 0.06971153846153846 0.07692307692307693
3 0.7700240384615384 0.5284615384615384 0.15625 0.12740384615384615
3 0.8822115384615384 0.4543269230769231 0.17307692307692307 0.17067307692307693
1 0.5240384615384616 0.33653846153846156 0.0889423076923077 0.07451923076923077
3 0.3942307692307692 0.3125 0.11298076923076923 0.06490384615384616
3 0.6117788461538461 0.296875 0.04326923076923077 0.06490384615384616
3 0.8353365384615384 0.22355769230769232 0.3245192307692308 0.15384615384615385
3 0.265625 0.1814903846153846 0.19471153846153846 0.13221153846153846
3 0.10697115384615384 0.16706730769230768 0.1201923076923077 0.0625
3 0.20192307692307693 0.1045673076923077 0.1346153846153846 0.06971153846153846
3 0.3545673076923077 0.09735576923076923 0.2620192307692308 0.18509615384615385
3 0.5612980769230769 0.9086538461538461 0.09615384615384616 0.06490384615384616
3 0.7884615384615384 0.056490384615384616 0.1201923076923077 0.0889423076923077
2 0.6855048076923077 0.05569711538461542 0.0889423076923077 0.057692307692307696