3 0.18629807692307693 0.2704326923076923 0.2403846153846154 0.11057692307692307
3 0.6959134615384616 0.33451923076923074 0.5208173076923076 0.25079326923076917
3 0.14182692307692307 0.39302884615384615 0.19471153846153846 0.1466346153846154
3 0.3317307692307692 0.4230769230769231 0.1875 0.13221153846153846
3 0.5504807692307693 0.4266826923076923 0.14182692307692307 0.09134615384615384
3 0.8533653846153846 0.484375 0.2932692307692308 0.15625
3 0.0829326923076923 0.5721153846153846 0.1658653846153846 0.18509615384615385
3 0.9266826923076923 0.6322115384615384 0.11778846153846154 0.10336538461538461
3 0.21394230769230768 0.6478365384615384 0.25961538461538464 0.1778846153846154
3 0.5024038461538461 0.6598557692307693 0.18990384615384615 0.08173076923076923
3 0.3894230769230769 0.7115384615384616 0.2644230769230769 0.09134615384615384
3 0.7079326923076923 0.7163461538461539 0.24519230769230768 0.10336538461538461