3 0.18629807692307693 0.7295673076923077 0.2403846153846154 0.11057692307692307
3 0.6959134615384616 0.6654807692307693 0.5208173076923076 0.25079326923076933
3 0.14182692307692307 0.6069711538461539 0.19471153846153846 0.1466346153846154
3 0.3317307692307692 0.5769230769230769 0.1875 0.13221153846153846
3 0.5504807692307693 0.5733173076923077 0.14182692307692307 0.09134615384615384
3 0.8533653846153846 0.515625 0.2932692307692308 0.15625
3 0.0829326923076923 0.42788461538461536 0.1658653846153846 0.18509615384615385
3 0.9266826923076923 0.36778846153846156 0.11778846153846154 0.10336538461538461
3 0.21394230769230768 0.35216346153846156 0.25961538461538464 0.1778846153846154
3 0.5024038461538461 0.3401442307692308 0.18990384615384615 0.08173076923076923
3 0.3894230769230769 0.28846153846153844 0.2644230769230769 0.09134615384615384
3 0.7079326923076923 0.28365384615384615 0.24519230769230768 0.10336538461538461