2 0.6177884615384616 0.6862980769230769 0.18028846153846154 0.10817307692307693
2 0.8100961538461539 0.6670673076923077 0.15384615384615385 0.06971153846153846
3 0.26322115384615385 0.5216346153846154 0.18509615384615385 0.10096153846153846
2 0.3737980769230769 0.4735576923076923 0.13942307692307693 0.15384615384615385
2 0.2403846153846154 0.4230769230769231 0.11778846153846154 0.16105769230769232
3 0.4855769230769231 0.36177884615384615 0.040865384615384616 0.04807692307692308
2 0.6274038461538461 0.296875 0.15144230769230768 0.06009615384615385
2 0.7295673076923077 0.15625 0.09134615384615384 0.09134615384615384
2 0.7175480769230769 0.037259615384615384 0.0889423076923077 0.06971153846153846
2 0.7887500000000001 0.7893990384615385 0.1380528846153845 0.10389423076923084
2 0.5914423076923077 0.8066105769230769 0.04788461538461542 0.0934855769230769
2 0.9014423076923077 0.04326923076923077 0.11538461538461539 0.08653846153846154
2 0.5669951923076924 0.38846153846153847 0.10475961538461548 0.1445192307692308
0 0.8944951923076924 0.32858173076923075 0.10228365384615373 0.0920192307692307
2 0.746875 0.48057692307692307 0.11201923076923083 0.05966346153846152