3 0.7860576923076923 0.6682692307692307 0.08653846153846154 0.08173076923076923
3 0.6947115384615384 0.6153846153846154 0.15865384615384615 0.14182692307692307
1 0.9507211538461539 0.5400721153846153 0.09375 0.12819711538461534
3 0.7692307692307693 0.5288461538461539 0.09375 0.13221153846153846
2 0.5673076923076923 0.515625 0.16826923076923078 0.13701923076923078
2 0.27524038461538464 0.9375 0.125 0.125
2 0.6899038461538461 0.19110576923076922 0.14903846153846154 0.18028846153846154
2 0.4543269230769231 0.9122596153846154 0.09615384615384616 0.13942307692307693
2 0.9527884615384615 0.27331730769230766 0.09442307692307686 0.10641826923076919
2 0.6132692307692308 0.9159615384615385 0.12040865384615393 0.13920673076923068
0 0.9499278846153847 0.8470673076923076 0.1001442307692307 0.11675480769230781
0 0.7318509615384615 0.8913221153846155 0.20375 0.09954326923076916
2 0.6797836538461539 0.4425240384615385 0.19572115384615374 0.07646634615384616