2 0.8774038461538461 0.7199519230769231 0.13581730769230768 0.07211538461538461
1 0.7596153846153846 0.6081730769230769 0.10216346153846154 0.08413461538461539
2 0.8317307692307693 0.5012019230769231 0.1045673076923077 0.1875
2 0.5612980769230769 0.4098557692307692 0.07451923076923077 0.15264423076923078
2 0.7644230769230769 0.38100961538461536 0.05889423076923077 0.13221153846153846
2 0.5108173076923077 0.23798076923076922 0.08653846153846154 0.12740384615384615
2 0.6670673076923077 0.1622596153846154 0.13822115384615385 0.125
2 0.4579326923076923 0.1201923076923077 0.09375 0.13822115384615385
2 0.8073798076923077 0.30074519230769237 0.0799759615384615 0.10362980769230773
1 0.5469711538461538 0.15355769230769228 0.08793269230769227 0.06548076923076926
3 0.8470432692307692 0.8190625 0.20096153846153852 0.2689423076923077
3 0.6156730769230769 0.6460096153846154 0.10153846153846156 0.10221153846153842
3 0.6939903846153845 0.6319951923076922 0.10639423076923074 0.13824519230769228
2 0.7729086538461538 0.5346634615384616 0.10079326923076912 0.11656250000000003
2 0.6128846153846154 0.5010336538461538 0.16848557692307686 0.13579326923076926