2 0.16184375 0.28015625 0.09348437500000002 0.14203124999999997
2 0.57509375 0.14562500000000006 0.185734375 0.11031250000000004
3 0.683671875 0.1317500000000001 0.05920312499999998 0.07945312499999999
2 0.496 0.256328125 0.14940625000000002 0.10373437499999998
2 0.2534375 0.330515625 0.04859375000000003 0.04910937500000001
2 0.082359375 0.32076562500000005 0.093875 0.09206250000000002
3 0.103640625 0.30064062500000005 0.05520312500000002 0.04245312500000002
2 0.42062499999999997 0.35826562500000003 0.16735937500000003 0.12643749999999992
2 0.257546875 0.464078125 0.09115624999999997 0.06325000000000003
2 0.29504687500000004 0.42424999999999996 0.09429687500000003 0.06478125000000005
3 0.11654687500000001 0.479515625 0.11535937499999997 0.07535937500000003
2 0.561625 0.47639062499999996 0.11192187499999999 0.09721875000000005
2 0.644625 0.501765625 0.07482812499999998 0.05428125000000002
2 0.60575 0.55721875 0.062703125 0.052749999999999984
2 0.493453125 0.568546875 0.05682812500000001 0.06915624999999999
2 0.54834375 0.5724375 0.06035937499999999 0.030109374999999973
2 0.39971875 0.6431250000000001 0.04118750000000002 0.052796874999999945
2 0.449703125 0.516609375 0.13690625 0.055859375
2 0.027484375 0.7374375000000001 0.04346875 0.04778125000000007
3 0.086859375 0.55175 0.06535937499999997 0.03243749999999999
2 0.02265625 0.529875 0.0453125 0.029312499999999984
2 0.288015625 0.585140625 0.15521874999999996 0.07112499999999997
2 0.26515625 0.6288750000000001 0.10326562500000006 0.07739062499999996
2 0.18059375 0.7753125 0.04975 0.02670312500000005
2 0.180796875 0.8079218749999999 0.053265625000000004 0.020093749999999844
2 0.525484375 0.8477499999999999 0.055265625000000006 0.01854687499999983
2 0.429984375 0.9057499999999999 0.03925000000000001 0.015843750000000156
2 0.30109375 0.8549843750000001 0.03140625000000004 0.02362499999999983
2 0.32453125 0.9008593749999999 0.04703125000000004 0.021703125000000156
2 0.0078125 0.82578125 0.015625 0.0609375
2 0.529 0.53221875 0.07167187500000001 0.040234375