2 0.16184375 0.71984375 0.09348437500000002 0.14203124999999997
2 0.57509375 0.8543749999999999 0.185734375 0.11031249999999986
3 0.683671875 0.86825 0.05920312499999998 0.07945312499999986
2 0.496 0.743671875 0.14940625000000002 0.10373437499999998
2 0.2534375 0.669484375 0.04859375000000003 0.04910937499999992
2 0.082359375 0.679234375 0.093875 0.09206249999999994
3 0.103640625 0.699359375 0.05520312500000002 0.04245312499999994
2 0.42062499999999997 0.641734375 0.16735937500000003 0.12643749999999992
2 0.257546875 0.535921875 0.09115624999999997 0.06325000000000003
2 0.29504687500000004 0.57575 0.09429687500000003 0.06478125000000005
3 0.11654687500000001 0.520484375 0.11535937499999997 0.07535937500000003
2 0.561625 0.523609375 0.11192187499999999 0.09721875000000005
2 0.644625 0.498234375 0.07482812499999998 0.05428125000000002
2 0.60575 0.44278125 0.062703125 0.052749999999999984
2 0.493453125 0.431453125 0.05682812500000001 0.06915624999999999
2 0.54834375 0.42756249999999996 0.06035937499999999 0.030109374999999973
2 0.39971875 0.356875 0.04118750000000002 0.052796875000000035
2 0.449703125 0.483390625 0.13690625 0.055859375
2 0.027484375 0.2625625 0.04346875 0.047781249999999977
3 0.086859375 0.44825 0.06535937499999997 0.03243749999999999
2 0.02265625 0.470125 0.0453125 0.029312499999999984
2 0.288015625 0.414859375 0.15521874999999996 0.07112499999999997
2 0.26515625 0.37112500000000004 0.10326562500000006 0.07739062500000005
2 0.18059375 0.2246875 0.04975 0.02670312499999996
2 0.180796875 0.19207812500000002 0.053265625000000004 0.02009375000000002
2 0.525484375 0.15225 0.055265625000000006 0.018546875000000008
2 0.429984375 0.09425 0.03925000000000001 0.01584375
2 0.30109375 0.145015625 0.03140625000000004 0.023625000000000007
2 0.32453125 0.09914062500000001 0.04703125000000004 0.021703125000000024
2 0.0078125 0.17265625 0.015625 0.0609375
2 0.529 0.46778125 0.07167187500000001 0.040234375