3 0.6802884615384616 0.43028846153846156 0.09134615384615384 0.11538461538461539
3 0.31009615384615385 0.47115384615384615 0.08653846153846154 0.09615384615384616
3 0.7636298076923077 0.5256490384615384 0.1201923076923077 0.125
3 0.22355769230769232 0.5661057692307693 0.11538461538461539 0.14182692307692307
3 0.6959134615384616 0.5997596153846154 0.12740384615384615 0.11778846153846154
3 0.7988701923076923 0.6995192307692307 0.1201923076923077 0.1346153846153846
3 0.6887019230769231 0.7127403846153846 0.13221153846153846 0.15144230769230768
3 0.4964903846153846 0.47848557692307697 0.09274038461538457 0.09879807692307697
3 0.4925 0.4300240384615384 0.10074519230769223 0.09002403846153843
3 0.34127403846153853 0.39437500000000003 0.08670673076923076 0.07480769230769233
3 0.15456730769230773 0.47389423076923076 0.07545673076923073 0.08557692307692313
3 0.19343750000000007 0.40139423076923075 0.05382211538461535 0.07682692307692303
3 0.3220432692307693 0.36533653846153846 0.07709134615384614 0.08485576923076926
3 0.5139182692307692 0.29985576923076923 0.06990384615384612 0.07807692307692306
3 0.5842307692307692 0.34932692307692303 0.08555288461538456 0.06884615384615381
3 0.4149759615384615 0.8798076923076923 0.17966346153846155 0.2403846153846154
3 0.2829807692307693 0.7833413461538462 0.17524038461538455 0.2557692307692307
3 0.4330048076923077 0.6639903846153847 0.13560096153846146 0.19336538461538474
3 0.5471874999999999 0.7076442307692308 0.13961538461538472 0.1444711538461539
3 0.38512019230769234 0.5013942307692308 0.09112980769230775 0.1085336538461538
3 0.5704086538461538 0.4887740384615385 0.09314903846153846 0.07930288461538464
3 0.5653846153846154 0.5703125 0.10915865384615377 0.0901682692307692