3 0.6802884615384616 0.5697115384615384 0.09134615384615384 0.11538461538461539
3 0.31009615384615385 0.5288461538461539 0.08653846153846154 0.09615384615384616
3 0.7636298076923077 0.47435096153846157 0.1201923076923077 0.125
3 0.22355769230769232 0.4338942307692308 0.11538461538461539 0.14182692307692307
3 0.6959134615384616 0.40024038461538464 0.12740384615384615 0.11778846153846154
3 0.7988701923076923 0.3004807692307692 0.1201923076923077 0.1346153846153846
3 0.6887019230769231 0.28725961538461536 0.13221153846153846 0.15144230769230768
3 0.4964903846153846 0.5215144230769231 0.09274038461538457 0.09879807692307697
3 0.4925 0.5699759615384615 0.10074519230769223 0.09002403846153843
3 0.34127403846153853 0.605625 0.08670673076923076 0.07480769230769233
3 0.15456730769230773 0.5261057692307692 0.07545673076923073 0.08557692307692313
3 0.19343750000000007 0.5986057692307692 0.05382211538461535 0.07682692307692303
3 0.3220432692307693 0.6346634615384615 0.07709134615384614 0.08485576923076912
3 0.5139182692307692 0.7001442307692307 0.06990384615384612 0.07807692307692313
3 0.5842307692307692 0.650673076923077 0.08555288461538456 0.06884615384615381
3 0.4149759615384615 0.1201923076923077 0.17966346153846155 0.2403846153846154
3 0.2829807692307693 0.21665865384615385 0.17524038461538455 0.2557692307692307
3 0.4330048076923077 0.3360096153846153 0.13560096153846146 0.1933653846153846
3 0.5471874999999999 0.2923557692307692 0.13961538461538472 0.1444711538461539
3 0.38512019230769234 0.4986057692307692 0.09112980769230775 0.1085336538461538
3 0.5704086538461538 0.5112259615384616 0.09314903846153846 0.07930288461538464
3 0.5653846153846154 0.4296875 0.10915865384615377 0.0901682692307692