3 0.11204687499999999 0.6599062499999999 0.11262500000000002 0.11198437499999994
3 0.089390625 0.12256249999999999 0.048562499999999995 0.03731249999999999
3 0.03046875 0.1288125 0.0609375 0.065421875
3 0.79246875 0.501359375 0.14242187499999998 0.029281250000000016
3 0.9143281249999999 0.797734375 0.10181250000000013 0.24234375000000002
3 0.841859375 0.762625 0.04623437499999987 0.08098437500000007
3 0.853390625 0.8221875000000001 0.04193749999999987 0.059546874999999846
3 0.21749999999999997 0.952984375 0.05795312500000005 0.0692499999999999
3 0.11868749999999999 0.78175 0.06028125000000002 0.090046875
3 0.02109375 0.73984375 0.0421875 0.0859375
3 0.792453125 0.949859375 0.03304687499999996 0.06301562499999988
3 0.31124999999999997 0.8746875 0.042343750000000034 0.06968749999999986
3 0.33234375 0.79678125 0.03142187500000002 0.08496875
3 0.261453125 0.7124375 0.052109375000000034 0.05689062499999995
3 0.550296875 0.7739375 0.07989062499999999 0.09006249999999998
3 0.8959531249999999 0.4453125 0.08801562499999989 0.10703125
3 0.8174531249999999 0.5747656250000001 0.09506249999999987 0.08235937500000005
3 0.8815156249999999 0.56971875 0.05806250000000013 0.07618749999999999
3 0.28625 0.9014374999999999 0.03265624999999996 0.05990624999999987
3 0.99140625 0.7384062499999999 0.0171875 0.05804687499999996
3 0.703984375 0.57965625 0.043906250000000036 0.07259375000000005
3 0.61415625 0.654828125 0.05764062499999998 0.07840624999999993
3 0.435453125 0.69309375 0.059562500000000004 0.061203124999999935
3 0.8815156249999999 0.36701562499999996 0.07368750000000013 0.07309374999999996
3 0.59871875 0.533375 0.029890624999999994 0.062078125000000026
3 0.550484375 0.5878593750000001 0.06778124999999999 0.08117187500000007
3 0.5569375 0.6638124999999999 0.05879687499999999 0.07293749999999992
3 0.458703125 0.57184375 0.05604687500000001 0.07259375000000005
3 0.512796875 0.60465625 0.04237500000000001 0.06320312500000007
3 0.434875 0.6272968750000001 0.07089062500000001 0.049125000000000085
3 0.509859375 0.65328125 0.05409375000000001 0.049687499999999926
3 0.394046875 0.683359375 0.02949999999999999 0.059859374999999916
3 0.418265625 0.57459375 0.015437499999999993 0.03909374999999997