3 0.8518281249999999 0.9082968749999999 0.11743750000000013 0.10840625000000018
2 0.31242187499999996 0.8633906249999999 0.20404687500000004 0.15914062499999987
2 0.07578125 0.55390625 0.1515625 0.1171875
2 0.036078124999999996 0.68140625 0.067453125 0.10124999999999992
3 0.46025 0.6540625 0.1189375 0.03093749999999993
2 0.525296875 0.62321875 0.11425 0.10043749999999996
2 0.413578125 0.624 0.1154375 0.08324999999999996
3 0.822140625 0.690203125 0.1825468749999999 0.11882812499999992
1 0.56278125 0.486140625 0.07009375000000002 0.03865625000000002
3 0.0109375 0.415859375 0.021875 0.05423437500000006
3 0.02890625 0.11875 0.0578125 0.071875
3 0.20129687500000001 0.251640625 0.12553124999999996 0.08187499999999996
3 0.61240625 0.27273437500000003 0.182234375 0.11781249999999996
3 0.7684375 0.1885781250000001 0.13187499999999996 0.10253125
3 0.532328125 0.443171875 0.11581250000000001 0.04728124999999998
2 0.49246875 0.42834374999999997 0.148234375 0.060484375000000055
3 0.483875 0.38207812499999994 0.146671875 0.05539062500000007
2 0.4368125 0.32798437500000005 0.08770312499999999 0.09714062500000002
3 0.355375 0.34184374999999995 0.05373437499999998 0.03428125
3 0.512984375 0.352375 0.08026562500000001 0.04148437500000002