3 0.14817187500000006 0.091703125 0.11743749999999994 0.10840625
2 0.687578125 0.136609375 0.20404687500000004 0.15914062500000004
2 0.9234375 0.44453125 0.153125 0.1171875
2 0.9639218749999999 0.31859375 0.06745312500000011 0.10125000000000002
3 0.53975 0.3459375 0.1189375 0.030937500000000017
2 0.474703125 0.37678124999999996 0.11425 0.10043749999999996
2 0.586421875 0.376 0.1154375 0.08324999999999996
3 0.17785937500000007 0.309796875 0.18254687499999997 0.11882812500000002
1 0.43721875 0.513859375 0.07009375000000002 0.03865625000000002
3 0.9890625 0.5841406250000001 0.021875 0.05423437500000006
3 0.9703125 0.8796875 0.059375 0.071875
3 0.798703125 0.7483593749999999 0.12553124999999987 0.08187499999999996
3 0.38759375 0.727265625 0.182234375 0.11781249999999996
3 0.23156249999999998 0.811421875 0.13187499999999996 0.10253124999999982
3 0.467671875 0.556828125 0.11581250000000001 0.04728124999999998
2 0.50753125 0.57165625 0.148234375 0.060484375000000055
3 0.516125 0.6179218750000001 0.146671875 0.05539062500000007
2 0.5631875 0.672015625 0.08770312499999999 0.09714062499999994
3 0.644625 0.65815625 0.05373437499999998 0.03428125000000008
3 0.487015625 0.647625 0.08026562500000001 0.04148437499999993